canonical_smiles,inchikey,spectrum_type,spectrum_id,spectrum_source,spectrum_source_database,spectrum_phase,spectrum_phase_norm,spectrum_intensity_type,spectrum_is_experimental,spectrum_is_quantitative,spectrum_selection_reason,processed_file,IR_GRID_550,IR_GRID_554,IR_GRID_558,IR_GRID_562,IR_GRID_566,IR_GRID_570,IR_GRID_574,IR_GRID_578,IR_GRID_582,IR_GRID_586,IR_GRID_590,IR_GRID_594,IR_GRID_598,IR_GRID_602,IR_GRID_606,IR_GRID_610,IR_GRID_614,IR_GRID_618,IR_GRID_622,IR_GRID_626,IR_GRID_630,IR_GRID_634,IR_GRID_638,IR_GRID_642,IR_GRID_646,IR_GRID_650,IR_GRID_654,IR_GRID_658,IR_GRID_662,IR_GRID_666,IR_GRID_670,IR_GRID_674,IR_GRID_678,IR_GRID_682,IR_GRID_686,IR_GRID_690,IR_GRID_694,IR_GRID_698,IR_GRID_702,IR_GRID_706,IR_GRID_710,IR_GRID_714,IR_GRID_718,IR_GRID_722,IR_GRID_726,IR_GRID_730,IR_GRID_734,IR_GRID_738,IR_GRID_742,IR_GRID_746,IR_GRID_750,IR_GRID_754,IR_GRID_758,IR_GRID_762,IR_GRID_766,IR_GRID_770,IR_GRID_774,IR_GRID_778,IR_GRID_782,IR_GRID_786,IR_GRID_790,IR_GRID_794,IR_GRID_798,IR_GRID_802,IR_GRID_806,IR_GRID_810,IR_GRID_814,IR_GRID_818,IR_GRID_822,IR_GRID_826,IR_GRID_830,IR_GRID_834,IR_GRID_838,IR_GRID_842,IR_GRID_846,IR_GRID_850,IR_GRID_854,IR_GRID_858,IR_GRID_862,IR_GRID_866,IR_GRID_870,IR_GRID_874,IR_GRID_878,IR_GRID_882,IR_GRID_886,IR_GRID_890,IR_GRID_894,IR_GRID_898,IR_GRID_902,IR_GRID_906,IR_GRID_910,IR_GRID_914,IR_GRID_918,IR_GRID_922,IR_GRID_926,IR_GRID_930,IR_GRID_934,IR_GRID_938,IR_GRID_942,IR_GRID_946,IR_GRID_950,IR_GRID_954,IR_GRID_958,IR_GRID_962,IR_GRID_966,IR_GRID_970,IR_GRID_974,IR_GRID_978,IR_GRID_982,IR_GRID_986,IR_GRID_990,IR_GRID_994,IR_GRID_998,IR_GRID_1002,IR_GRID_1006,IR_GRID_1010,IR_GRID_1014,IR_GRID_1018,IR_GRID_1022,IR_GRID_1026,IR_GRID_1030,IR_GRID_1034,IR_GRID_1038,IR_GRID_1042,IR_GRID_1046,IR_GRID_1050,IR_GRID_1054,IR_GRID_1058,IR_GRID_1062,IR_GRID_1066,IR_GRID_1070,IR_GRID_1074,IR_GRID_1078,IR_GRID_1082,IR_GRID_1086,IR_GRID_1090,IR_GRID_1094,IR_GRID_1098,IR_GRID_1102,IR_GRID_1106,IR_GRID_1110,IR_GRID_1114,IR_GRID_1118,IR_GRID_1122,IR_GRID_1126,IR_GRID_1130,IR_GRID_1134,IR_GRID_1138,IR_GRID_1142,IR_GRID_1146,IR_GRID_1150,IR_GRID_1154,IR_GRID_1158,IR_GRID_1162,IR_GRID_1166,IR_GRID_1170,IR_GRID_1174,IR_GRID_1178,IR_GRID_1182,IR_GRID_1186,IR_GRID_1190,IR_GRID_1194,IR_GRID_1198,IR_GRID_1202,IR_GRID_1206,IR_GRID_1210,IR_GRID_1214,IR_GRID_1218,IR_GRID_1222,IR_GRID_1226,IR_GRID_1230,IR_GRID_1234,IR_GRID_1238,IR_GRID_1242,IR_GRID_1246,IR_GRID_1250,IR_GRID_1254,IR_GRID_1258,IR_GRID_1262,IR_GRID_1266,IR_GRID_1270,IR_GRID_1274,IR_GRID_1278,IR_GRID_1282,IR_GRID_1286,IR_GRID_1290,IR_GRID_1294,IR_GRID_1298,IR_GRID_1302,IR_GRID_1306,IR_GRID_1310,IR_GRID_1314,IR_GRID_1318,IR_GRID_1322,IR_GRID_1326,IR_GRID_1330,IR_GRID_1334,IR_GRID_1338,IR_GRID_1342,IR_GRID_1346,IR_GRID_1350,IR_GRID_1354,IR_GRID_1358,IR_GRID_1362,IR_GRID_1366,IR_GRID_1370,IR_GRID_1374,IR_GRID_1378,IR_GRID_1382,IR_GRID_1386,IR_GRID_1390,IR_GRID_1394,IR_GRID_1398,IR_GRID_1402,IR_GRID_1406,IR_GRID_1410,IR_GRID_1414,IR_GRID_1418,IR_GRID_1422,IR_GRID_1426,IR_GRID_1430,IR_GRID_1434,IR_GRID_1438,IR_GRID_1442,IR_GRID_1446,IR_GRID_1450,IR_GRID_1454,IR_GRID_1458,IR_GRID_1462,IR_GRID_1466,IR_GRID_1470,IR_GRID_1474,IR_GRID_1478,IR_GRID_1482,IR_GRID_1486,IR_GRID_1490,IR_GRID_1494,IR_GRID_1498,IR_GRID_1502,IR_GRID_1506,IR_GRID_1510,IR_GRID_1514,IR_GRID_1518,IR_GRID_1522,IR_GRID_1526,IR_GRID_1530,IR_GRID_1534,IR_GRID_1538,IR_GRID_1542,IR_GRID_1546,IR_GRID_1550,IR_GRID_1554,IR_GRID_1558,IR_GRID_1562,IR_GRID_1566,IR_GRID_1570,IR_GRID_1574,IR_GRID_1578,IR_GRID_1582,IR_GRID_1586,IR_GRID_1590,IR_GRID_1594,IR_GRID_1598,IR_GRID_1602,IR_GRID_1606,IR_GRID_1610,IR_GRID_1614,IR_GRID_1618,IR_GRID_1622,IR_GRID_1626,IR_GRID_1630,IR_GRID_1634,IR_GRID_1638,IR_GRID_1642,IR_GRID_1646,IR_GRID_1650,IR_GRID_1654,IR_GRID_1658,IR_GRID_1662,IR_GRID_1666,IR_GRID_1670,IR_GRID_1674,IR_GRID_1678,IR_GRID_1682,IR_GRID_1686,IR_GRID_1690,IR_GRID_1694,IR_GRID_1698,IR_GRID_1702,IR_GRID_1706,IR_GRID_1710,IR_GRID_1714,IR_GRID_1718,IR_GRID_1722,IR_GRID_1726,IR_GRID_1730,IR_GRID_1734,IR_GRID_1738,IR_GRID_1742,IR_GRID_1746,IR_GRID_1750,IR_GRID_1754,IR_GRID_1758,IR_GRID_1762,IR_GRID_1766,IR_GRID_1770,IR_GRID_1774,IR_GRID_1778,IR_GRID_1782,IR_GRID_1786,IR_GRID_1790,IR_GRID_1794,IR_GRID_1798,IR_GRID_1802,IR_GRID_1806,IR_GRID_1810,IR_GRID_1814,IR_GRID_1818,IR_GRID_1822,IR_GRID_1826,IR_GRID_1830,IR_GRID_1834,IR_GRID_1838,IR_GRID_1842,IR_GRID_1846,IR_GRID_1850,IR_GRID_1854,IR_GRID_1858,IR_GRID_1862,IR_GRID_1866,IR_GRID_1870,IR_GRID_1874,IR_GRID_1878,IR_GRID_1882,IR_GRID_1886,IR_GRID_1890,IR_GRID_1894,IR_GRID_1898,IR_GRID_1902,IR_GRID_1906,IR_GRID_1910,IR_GRID_1914,IR_GRID_1918,IR_GRID_1922,IR_GRID_1926,IR_GRID_1930,IR_GRID_1934,IR_GRID_1938,IR_GRID_1942,IR_GRID_1946,IR_GRID_1950,IR_GRID_1954,IR_GRID_1958,IR_GRID_1962,IR_GRID_1966,IR_GRID_1970,IR_GRID_1974,IR_GRID_1978,IR_GRID_1982,IR_GRID_1986,IR_GRID_1990,IR_GRID_1994,IR_GRID_1998,IR_GRID_2002,IR_GRID_2006,IR_GRID_2010,IR_GRID_2014,IR_GRID_2018,IR_GRID_2022,IR_GRID_2026,IR_GRID_2030,IR_GRID_2034,IR_GRID_2038,IR_GRID_2042,IR_GRID_2046,IR_GRID_2050,IR_GRID_2054,IR_GRID_2058,IR_GRID_2062,IR_GRID_2066,IR_GRID_2070,IR_GRID_2074,IR_GRID_2078,IR_GRID_2082,IR_GRID_2086,IR_GRID_2090,IR_GRID_2094,IR_GRID_2098,IR_GRID_2102,IR_GRID_2106,IR_GRID_2110,IR_GRID_2114,IR_GRID_2118,IR_GRID_2122,IR_GRID_2126,IR_GRID_2130,IR_GRID_2134,IR_GRID_2138,IR_GRID_2142,IR_GRID_2146,IR_GRID_2150,IR_GRID_2154,IR_GRID_2158,IR_GRID_2162,IR_GRID_2166,IR_GRID_2170,IR_GRID_2174,IR_GRID_2178,IR_GRID_2182,IR_GRID_2186,IR_GRID_2190,IR_GRID_2194,IR_GRID_2198,IR_GRID_2202,IR_GRID_2206,IR_GRID_2210,IR_GRID_2214,IR_GRID_2218,IR_GRID_2222,IR_GRID_2226,IR_GRID_2230,IR_GRID_2234,IR_GRID_2238,IR_GRID_2242,IR_GRID_2246,IR_GRID_2250,IR_GRID_2254,IR_GRID_2258,IR_GRID_2262,IR_GRID_2266,IR_GRID_2270,IR_GRID_2274,IR_GRID_2278,IR_GRID_2282,IR_GRID_2286,IR_GRID_2290,IR_GRID_2294,IR_GRID_2298,IR_GRID_2302,IR_GRID_2306,IR_GRID_2310,IR_GRID_2314,IR_GRID_2318,IR_GRID_2322,IR_GRID_2326,IR_GRID_2330,IR_GRID_2334,IR_GRID_2338,IR_GRID_2342,IR_GRID_2346,IR_GRID_2350,IR_GRID_2354,IR_GRID_2358,IR_GRID_2362,IR_GRID_2366,IR_GRID_2370,IR_GRID_2374,IR_GRID_2378,IR_GRID_2382,IR_GRID_2386,IR_GRID_2390,IR_GRID_2394,IR_GRID_2398,IR_GRID_2402,IR_GRID_2406,IR_GRID_2410,IR_GRID_2414,IR_GRID_2418,IR_GRID_2422,IR_GRID_2426,IR_GRID_2430,IR_GRID_2434,IR_GRID_2438,IR_GRID_2442,IR_GRID_2446,IR_GRID_2450,IR_GRID_2454,IR_GRID_2458,IR_GRID_2462,IR_GRID_2466,IR_GRID_2470,IR_GRID_2474,IR_GRID_2478,IR_GRID_2482,IR_GRID_2486,IR_GRID_2490,IR_GRID_2494,IR_GRID_2498,IR_GRID_2502,IR_GRID_2506,IR_GRID_2510,IR_GRID_2514,IR_GRID_2518,IR_GRID_2522,IR_GRID_2526,IR_GRID_2530,IR_GRID_2534,IR_GRID_2538,IR_GRID_2542,IR_GRID_2546,IR_GRID_2550,IR_GRID_2554,IR_GRID_2558,IR_GRID_2562,IR_GRID_2566,IR_GRID_2570,IR_GRID_2574,IR_GRID_2578,IR_GRID_2582,IR_GRID_2586,IR_GRID_2590,IR_GRID_2594,IR_GRID_2598,IR_GRID_2602,IR_GRID_2606,IR_GRID_2610,IR_GRID_2614,IR_GRID_2618,IR_GRID_2622,IR_GRID_2626,IR_GRID_2630,IR_GRID_2634,IR_GRID_2638,IR_GRID_2642,IR_GRID_2646,IR_GRID_2650,IR_GRID_2654,IR_GRID_2658,IR_GRID_2662,IR_GRID_2666,IR_GRID_2670,IR_GRID_2674,IR_GRID_2678,IR_GRID_2682,IR_GRID_2686,IR_GRID_2690,IR_GRID_2694,IR_GRID_2698,IR_GRID_2702,IR_GRID_2706,IR_GRID_2710,IR_GRID_2714,IR_GRID_2718,IR_GRID_2722,IR_GRID_2726,IR_GRID_2730,IR_GRID_2734,IR_GRID_2738,IR_GRID_2742,IR_GRID_2746,IR_GRID_2750,IR_GRID_2754,IR_GRID_2758,IR_GRID_2762,IR_GRID_2766,IR_GRID_2770,IR_GRID_2774,IR_GRID_2778,IR_GRID_2782,IR_GRID_2786,IR_GRID_2790,IR_GRID_2794,IR_GRID_2798,IR_GRID_2802,IR_GRID_2806,IR_GRID_2810,IR_GRID_2814,IR_GRID_2818,IR_GRID_2822,IR_GRID_2826,IR_GRID_2830,IR_GRID_2834,IR_GRID_2838,IR_GRID_2842,IR_GRID_2846,IR_GRID_2850,IR_GRID_2854,IR_GRID_2858,IR_GRID_2862,IR_GRID_2866,IR_GRID_2870,IR_GRID_2874,IR_GRID_2878,IR_GRID_2882,IR_GRID_2886,IR_GRID_2890,IR_GRID_2894,IR_GRID_2898,IR_GRID_2902,IR_GRID_2906,IR_GRID_2910,IR_GRID_2914,IR_GRID_2918,IR_GRID_2922,IR_GRID_2926,IR_GRID_2930,IR_GRID_2934,IR_GRID_2938,IR_GRID_2942,IR_GRID_2946,IR_GRID_2950,IR_GRID_2954,IR_GRID_2958,IR_GRID_2962,IR_GRID_2966,IR_GRID_2970,IR_GRID_2974,IR_GRID_2978,IR_GRID_2982,IR_GRID_2986,IR_GRID_2990,IR_GRID_2994,IR_GRID_2998,IR_GRID_3002,IR_GRID_3006,IR_GRID_3010,IR_GRID_3014,IR_GRID_3018,IR_GRID_3022,IR_GRID_3026,IR_GRID_3030,IR_GRID_3034,IR_GRID_3038,IR_GRID_3042,IR_GRID_3046,IR_GRID_3050,IR_GRID_3054,IR_GRID_3058,IR_GRID_3062,IR_GRID_3066,IR_GRID_3070,IR_GRID_3074,IR_GRID_3078,IR_GRID_3082,IR_GRID_3086,IR_GRID_3090,IR_GRID_3094,IR_GRID_3098,IR_GRID_3102,IR_GRID_3106,IR_GRID_3110,IR_GRID_3114,IR_GRID_3118,IR_GRID_3122,IR_GRID_3126,IR_GRID_3130,IR_GRID_3134,IR_GRID_3138,IR_GRID_3142,IR_GRID_3146,IR_GRID_3150,IR_GRID_3154,IR_GRID_3158,IR_GRID_3162,IR_GRID_3166,IR_GRID_3170,IR_GRID_3174,IR_GRID_3178,IR_GRID_3182,IR_GRID_3186,IR_GRID_3190,IR_GRID_3194,IR_GRID_3198,IR_GRID_3202,IR_GRID_3206,IR_GRID_3210,IR_GRID_3214,IR_GRID_3218,IR_GRID_3222,IR_GRID_3226,IR_GRID_3230,IR_GRID_3234,IR_GRID_3238,IR_GRID_3242,IR_GRID_3246,IR_GRID_3250,IR_GRID_3254,IR_GRID_3258,IR_GRID_3262,IR_GRID_3266,IR_GRID_3270,IR_GRID_3274,IR_GRID_3278,IR_GRID_3282,IR_GRID_3286,IR_GRID_3290,IR_GRID_3294,IR_GRID_3298,IR_GRID_3302,IR_GRID_3306,IR_GRID_3310,IR_GRID_3314,IR_GRID_3318,IR_GRID_3322,IR_GRID_3326,IR_GRID_3330,IR_GRID_3334,IR_GRID_3338,IR_GRID_3342,IR_GRID_3346,IR_GRID_3350,IR_GRID_3354,IR_GRID_3358,IR_GRID_3362,IR_GRID_3366,IR_GRID_3370,IR_GRID_3374,IR_GRID_3378,IR_GRID_3382,IR_GRID_3386,IR_GRID_3390,IR_GRID_3394,IR_GRID_3398,IR_GRID_3402,IR_GRID_3406,IR_GRID_3410,IR_GRID_3414,IR_GRID_3418,IR_GRID_3422,IR_GRID_3426,IR_GRID_3430,IR_GRID_3434,IR_GRID_3438,IR_GRID_3442,IR_GRID_3446,IR_GRID_3450,IR_GRID_3454,IR_GRID_3458,IR_GRID_3462,IR_GRID_3466,IR_GRID_3470,IR_GRID_3474,IR_GRID_3478,IR_GRID_3482,IR_GRID_3486,IR_GRID_3490,IR_GRID_3494,IR_GRID_3498,IR_GRID_3502,IR_GRID_3506,IR_GRID_3510,IR_GRID_3514,IR_GRID_3518,IR_GRID_3522,IR_GRID_3526,IR_GRID_3530,IR_GRID_3534,IR_GRID_3538,IR_GRID_3542,IR_GRID_3546,IR_GRID_3550,IR_GRID_3554,IR_GRID_3558,IR_GRID_3562,IR_GRID_3566,IR_GRID_3570,IR_GRID_3574,IR_GRID_3578,IR_GRID_3582,IR_GRID_3586,IR_GRID_3590,IR_GRID_3594,IR_GRID_3598,IR_GRID_3602,IR_GRID_3606,IR_GRID_3610,IR_GRID_3614,IR_GRID_3618,IR_GRID_3622,IR_GRID_3626,IR_GRID_3630,IR_GRID_3634,IR_GRID_3638,IR_GRID_3642,IR_GRID_3646,IR_GRID_3650,IR_GRID_3654,IR_GRID_3658,IR_GRID_3662,IR_GRID_3666,IR_GRID_3670,IR_GRID_3674,IR_GRID_3678,IR_GRID_3682,IR_GRID_3686,IR_GRID_3690,IR_GRID_3694,IR_GRID_3698,IR_GRID_3702,IR_GRID_3706,IR_GRID_3710,IR_GRID_3714,IR_GRID_3718,IR_GRID_3722,IR_GRID_3726,IR_GRID_3730,IR_GRID_3734,IR_GRID_3738,IR_GRID_3742,IR_GRID_3746,IR_GRID_3750,IR_GRID_3754,IR_GRID_3758,IR_GRID_3762,IR_GRID_3766,IR_GRID_3770,IR_GRID_3774,IR_GRID_3778,IR_GRID_3782,IR_GRID_3786,IR_GRID_3790,IR_GRID_3794,IR_GRID_3798,descriptor_spectrum_type,descriptor_wn_min,descriptor_wn_max,descriptor_step,descriptor_normalization,descriptor_invert_signal,descriptor_use_grid,descriptor_use_binary_fp,descriptor_use_binned_numeric,descriptor_binary_window,descriptor_binary_threshold,descriptor_numeric_window,descriptor_cached_at,IR_BIN_550_570,IR_BIN_570_590,IR_BIN_590_610,IR_BIN_610_630,IR_BIN_630_650,IR_BIN_650_670,IR_BIN_670_690,IR_BIN_690_710,IR_BIN_710_730,IR_BIN_730_750,IR_BIN_750_770,IR_BIN_770_790,IR_BIN_790_810,IR_BIN_810_830,IR_BIN_830_850,IR_BIN_850_870,IR_BIN_870_890,IR_BIN_890_910,IR_BIN_910_930,IR_BIN_930_950,IR_BIN_950_970,IR_BIN_970_990,IR_BIN_990_1010,IR_BIN_1010_1030,IR_BIN_1030_1050,IR_BIN_1050_1070,IR_BIN_1070_1090,IR_BIN_1090_1110,IR_BIN_1110_1130,IR_BIN_1130_1150,IR_BIN_1150_1170,IR_BIN_1170_1190,IR_BIN_1190_1210,IR_BIN_1210_1230,IR_BIN_1230_1250,IR_BIN_1250_1270,IR_BIN_1270_1290,IR_BIN_1290_1310,IR_BIN_1310_1330,IR_BIN_1330_1350,IR_BIN_1350_1370,IR_BIN_1370_1390,IR_BIN_1390_1410,IR_BIN_1410_1430,IR_BIN_1430_1450,IR_BIN_1450_1470,IR_BIN_1470_1490,IR_BIN_1490_1510,IR_BIN_1510_1530,IR_BIN_1530_1550,IR_BIN_1550_1570,IR_BIN_1570_1590,IR_BIN_1590_1610,IR_BIN_1610_1630,IR_BIN_1630_1650,IR_BIN_1650_1670,IR_BIN_1670_1690,IR_BIN_1690_1710,IR_BIN_1710_1730,IR_BIN_1730_1750,IR_BIN_1750_1770,IR_BIN_1770_1790,IR_BIN_1790_1810,IR_BIN_1810_1830,IR_BIN_1830_1850,IR_BIN_1850_1870,IR_BIN_1870_1890,IR_BIN_1890_1910,IR_BIN_1910_1930,IR_BIN_1930_1950,IR_BIN_1950_1970,IR_BIN_1970_1990,IR_BIN_1990_2010,IR_BIN_2010_2030,IR_BIN_2030_2050,IR_BIN_2050_2070,IR_BIN_2070_2090,IR_BIN_2090_2110,IR_BIN_2110_2130,IR_BIN_2130_2150,IR_BIN_2150_2170,IR_BIN_2170_2190,IR_BIN_2190_2210,IR_BIN_2210_2230,IR_BIN_2230_2250,IR_BIN_2250_2270,IR_BIN_2270_2290,IR_BIN_2290_2310,IR_BIN_2310_2330,IR_BIN_2330_2350,IR_BIN_2350_2370,IR_BIN_2370_2390,IR_BIN_2390_2410,IR_BIN_2410_2430,IR_BIN_2430_2450,IR_BIN_2450_2470,IR_BIN_2470_2490,IR_BIN_2490_2510,IR_BIN_2510_2530,IR_BIN_2530_2550,IR_BIN_2550_2570,IR_BIN_2570_2590,IR_BIN_2590_2610,IR_BIN_2610_2630,IR_BIN_2630_2650,IR_BIN_2650_2670,IR_BIN_2670_2690,IR_BIN_2690_2710,IR_BIN_2710_2730,IR_BIN_2730_2750,IR_BIN_2750_2770,IR_BIN_2770_2790,IR_BIN_2790_2810,IR_BIN_2810_2830,IR_BIN_2830_2850,IR_BIN_2850_2870,IR_BIN_2870_2890,IR_BIN_2890_2910,IR_BIN_2910_2930,IR_BIN_2930_2950,IR_BIN_2950_2970,IR_BIN_2970_2990,IR_BIN_2990_3010,IR_BIN_3010_3030,IR_BIN_3030_3050,IR_BIN_3050_3070,IR_BIN_3070_3090,IR_BIN_3090_3110,IR_BIN_3110_3130,IR_BIN_3130_3150,IR_BIN_3150_3170,IR_BIN_3170_3190,IR_BIN_3190_3210,IR_BIN_3210_3230,IR_BIN_3230_3250,IR_BIN_3250_3270,IR_BIN_3270_3290,IR_BIN_3290_3310,IR_BIN_3310_3330,IR_BIN_3330_3350,IR_BIN_3350_3370,IR_BIN_3370_3390,IR_BIN_3390_3410,IR_BIN_3410_3430,IR_BIN_3430_3450,IR_BIN_3450_3470,IR_BIN_3470_3490,IR_BIN_3490_3510,IR_BIN_3510_3530,IR_BIN_3530_3550,IR_BIN_3550_3570,IR_BIN_3570_3590,IR_BIN_3590_3610,IR_BIN_3610_3630,IR_BIN_3630_3650,IR_BIN_3650_3670,IR_BIN_3670_3690,IR_BIN_3690_3710,IR_BIN_3710_3730,IR_BIN_3730_3750,IR_BIN_3750_3770,IR_BIN_3770_3790,IR_BIN_3790_3810,IR_BAND_550_650_mean,IR_BAND_550_650_max,IR_BAND_550_650_area,IR_BAND_650_750_mean,IR_BAND_650_750_max,IR_BAND_650_750_area,IR_BAND_750_850_mean,IR_BAND_750_850_max,IR_BAND_750_850_area,IR_BAND_850_950_mean,IR_BAND_850_950_max,IR_BAND_850_950_area,IR_BAND_950_1050_mean,IR_BAND_950_1050_max,IR_BAND_950_1050_area,IR_BAND_1050_1150_mean,IR_BAND_1050_1150_max,IR_BAND_1050_1150_area,IR_BAND_1150_1250_mean,IR_BAND_1150_1250_max,IR_BAND_1150_1250_area,IR_BAND_1250_1350_mean,IR_BAND_1250_1350_max,IR_BAND_1250_1350_area,IR_BAND_1350_1450_mean,IR_BAND_1350_1450_max,IR_BAND_1350_1450_area,IR_BAND_1450_1550_mean,IR_BAND_1450_1550_max,IR_BAND_1450_1550_area,IR_BAND_1550_1650_mean,IR_BAND_1550_1650_max,IR_BAND_1550_1650_area,IR_BAND_1650_1750_mean,IR_BAND_1650_1750_max,IR_BAND_1650_1750_area,IR_BAND_1750_1850_mean,IR_BAND_1750_1850_max,IR_BAND_1750_1850_area,IR_BAND_1850_1950_mean,IR_BAND_1850_1950_max,IR_BAND_1850_1950_area,IR_BAND_1950_2050_mean,IR_BAND_1950_2050_max,IR_BAND_1950_2050_area,IR_BAND_2050_2150_mean,IR_BAND_2050_2150_max,IR_BAND_2050_2150_area,IR_BAND_2150_2250_mean,IR_BAND_2150_2250_max,IR_BAND_2150_2250_area,IR_BAND_2250_2350_mean,IR_BAND_2250_2350_max,IR_BAND_2250_2350_area,IR_BAND_2350_2450_mean,IR_BAND_2350_2450_max,IR_BAND_2350_2450_area,IR_BAND_2450_2550_mean,IR_BAND_2450_2550_max,IR_BAND_2450_2550_area,IR_BAND_2550_2650_mean,IR_BAND_2550_2650_max,IR_BAND_2550_2650_area,IR_BAND_2650_2750_mean,IR_BAND_2650_2750_max,IR_BAND_2650_2750_area,IR_BAND_2750_2850_mean,IR_BAND_2750_2850_max,IR_BAND_2750_2850_area,IR_BAND_2850_2950_mean,IR_BAND_2850_2950_max,IR_BAND_2850_2950_area,IR_BAND_2950_3050_mean,IR_BAND_2950_3050_max,IR_BAND_2950_3050_area,IR_BAND_3050_3150_mean,IR_BAND_3050_3150_max,IR_BAND_3050_3150_area,IR_BAND_3150_3250_mean,IR_BAND_3150_3250_max,IR_BAND_3150_3250_area,IR_BAND_3250_3350_mean,IR_BAND_3250_3350_max,IR_BAND_3250_3350_area,IR_BAND_3350_3450_mean,IR_BAND_3350_3450_max,IR_BAND_3350_3450_area,IR_BAND_3450_3550_mean,IR_BAND_3450_3550_max,IR_BAND_3450_3550_area,IR_BAND_3550_3650_mean,IR_BAND_3550_3650_max,IR_BAND_3550_3650_area,IR_BAND_3650_3750_mean,IR_BAND_3650_3750_max,IR_BAND_3650_3750_area,IR_BAND_3750_3850_mean,IR_BAND_3750_3850_max,IR_BAND_3750_3850_area
CC(C)CC(C)C,BZHMBWZPUJHVEE-UHFFFAOYSA-N,IR,IR_NIST_gas_BZHMBWZPUJHVEE-UHFFFAOYSA-N_001,NIST Chemistry WebBook,NIST Chemistry WebBook,gas,,,True,False,,E:\QSPR Forge\spectra_bank\IR\processed\IR_NIST_gas_BZHMBWZPUJHVEE-UHFFFAOYSA-N_001_processed.csv,0.0001371175508621,0.0001246394283431,0.0001121613058241,9.968318330517956e-05,8.720506078618125e-05,7.472693826718297e-05,0.0001054968540242,8.791404502021526e-05,8.19585774543297e-05,9.160076303719204e-05,0.00010124294862,0.0001108851342029,0.0001205273197857,0.0001301695053686,0.0001398116909515,0.0001494538765343,0.0001318710675303,0.0001274753652793,0.000150446454462,0.0001459089553641,0.0001413714562663,0.0001368339571685,0.0001322964580707,0.0001277589589729,0.0001232214598751,0.0001186839607772,9.670544952223678e-05,0.0001670366855384,0.0001702980130149,0.000162924576981,0.000155551140947,0.0001481777049131,0.0001408042688791,0.0001334308328451,0.0001260573968112,0.0001186839607772,0.0001362667697813,0.0001362667697813,0.0001556929377938,0.0001522898134705,0.0001488866891471,0.0001454835648237,0.0001420804405004,0.000138677316177,0.0001352741918536,0.0001318710675303,0.0001406624720323,0.0001582452810363,0.0001538495787853,0.0001538495787853,0.0001538495787853,0.0001538495787853,0.0001538495787853,0.0001538495787853,0.0001538495787853,0.0001538495787853,0.0001450581742833,0.0003296776688258,0.0003763288314252,0.0003740600818763,0.0003717913323274,0.0003695225827785,0.0003672538332296,0.0003649850836807,0.0003627163341317,0.0003604475845828,0.0002461593260566,0.0001670366855384,0.0001837687134616,0.0001826343386871,0.0001814999639127,0.0001803655891382,0.0001792312143637,0.0001780968395893,0.0001769624648148,0.0001758280900404,0.0003252819665747,0.0002109937080485,0.0001802237922914,0.0001802237922914,0.0001802237922914,0.0001802237922914,0.0001802237922914,0.0001802237922914,0.0001802237922914,0.0001802237922914,0.0002857206463156,0.000448361629603,0.0004304952269054,0.0004242561656459,0.0004180171043864,0.0004117780431269,0.0004055389818674,0.0003992999206079,0.0003930608593484,0.0003868217980889,0.0001714323877894,0.0002505550283076,0.0002936612697368,0.0003101097039664,0.000326558138196,0.0003430065724256,0.0003594550066552,0.0003759034408848,0.0003923518751144,0.000408800309344,0.0006769381466556,0.0002857206463156,0.0001864628535509,0.0001830597292275,0.0001796566049042,0.0001762534805808,0.0001728503562574,0.0001694472319341,0.0001660441076107,0.0001626409832873,0.0001538495787853,0.0001362667697813,0.0001596632495044,0.0001556929377938,0.0001517226260832,0.0001477523143726,0.000143782002662,0.0001398116909515,0.0001358413792409,0.0001318710675303,0.0001670366855384,0.0001802237922914,0.0001776714490489,0.0001742683247255,0.0001708652004021,0.0001674620760788,0.0001640589517554,0.0001606558274321,0.0001572527031087,0.0001538495787853,0.0001274753652793,0.0002285765170525,0.000268563227852,0.0002691304152393,0.0002696976026265,0.0002702647900137,0.0002708319774009,0.0002713991647882,0.0002719663521754,0.0002725335395626,0.0005670455903803,0.001670366855384,0.0019027718873004,0.0018902937647814,0.0018778156422624,0.0018653375197434,0.0018528593972244,0.0018403812747054,0.0018279031521864,0.0018154250296674,0.0005670455903803,0.0001670366855384,0.0001890151967934,0.0001890151967934,0.0001890151967934,0.0001890151967934,0.0001890151967934,0.0001890151967934,0.0001890151967934,0.0001890151967934,0.0001846194945424,0.0002329722193035,0.0002448831544353,0.0002431815922736,0.0002414800301119,0.0002397784679502,0.0002380769057886,0.0002363753436269,0.0002346737814652,0.0002329722193035,0.0002285765170525,0.0002593464328096,0.0002593464328096,0.0002593464328096,0.0002593464328096,0.0002593464328096,0.0002593464328096,0.0002593464328096,0.0002593464328096,0.0002593464328096,0.0003252819665747,0.0006593553376516,0.0007396123529442,0.0007469857889782,0.0007543592250121,0.0007617326610461,0.00076910609708,0.000776479533114,0.0007838529691479,0.0007912264051819,0.0010945298605016,0.0030725958734565,0.0035091883647746,0.0035579664800761,0.0036067445953777,0.0036555227106792,0.0037043008259808,0.0037530789412823,0.0038018570565838,0.0038506351718854,0.0040176718574238,0.0019912531197078,0.0011926532784919,0.0011359345397692,0.0010792158010465,0.0010224970623238,0.0009657783236011,0.0009090595848783,0.0008523408461556,0.0007956221074329,0.0004835272476111,0.001252775141538,0.0017709008197701,0.0018463367422713,0.0019217726647725,0.0019972085872737,0.0020726445097749,0.0021480804322761,0.0022235163547774,0.0022989522772786,0.0047385670265896,0.0036352457615859,0.0027103049298651,0.0026082112001642,0.0025061174704633,0.0024040237407624,0.0023019300110615,0.0021998362813606,0.0020977425516597,0.0019956488219588,0.000417591713846,0.0001670366855384,0.0001663277013043,0.0001595214526576,0.0001527152040109,0.0001459089553641,0.0001391027067174,0.0001322964580707,0.000125490209424,0.0001186839607772,8.35183427692045e-05,0.0001011011517732,8.43691238500453e-05,8.550349862449968e-05,8.663787339895408e-05,8.777224817340846e-05,8.890662294786286e-05,9.004099772231724e-05,9.117537249677163e-05,9.230974727122602e-05,0.0001011011517732,9.230974727122602e-05,8.833943556063565e-05,8.890662294786286e-05,8.947381033509005e-05,9.004099772231724e-05,9.060818510954444e-05,9.117537249677163e-05,9.174255988399884e-05,9.230974727122602e-05,8.35183427692045e-05,0.0001142882585262,0.000113012086905,0.0001113105247433,0.0001096089625816,0.0001079074004199,0.0001062058382582,0.0001045042760966,0.0001028027139349,0.0001011011517732,0.0001054968540242,0.0001054968540242,0.0001213781008666,0.0001191093513177,0.0001168406017688,0.0001145718522198,0.0001123031026709,0.000110034353122,0.0001077656035731,0.0001054968540242,7.472693826718297e-05,9.230974727122602e-05,6.820428331407022e-05,6.536834637793424e-05,6.253240944179827e-05,5.9696472505662295e-05,5.686053556952632e-05,5.4024598633390346e-05,5.118866169725436e-05,4.835272476111839e-05,2.6374213506064576e-05,4.835272476111839e-05,4.140467926758525e-05,3.800155494422208e-05,3.459843062085891e-05,3.119530629749574e-05,2.7792181974132565e-05,2.4389057650769395e-05,2.0985933327406226e-05,1.7582809004043053e-05,3.076991575707534e-05,4.395702251010763e-05,2.41054639571558e-05,2.694140089329177e-05,2.977733782942775e-05,3.261327476556372e-05,3.54492117016997e-05,3.828514863783567e-05,4.112108557397166e-05,4.395702251010763e-05,2.197851125505381e-05,1.7582809004043053e-05,4.353163196968723e-05,4.296444458246004e-05,4.239725719523284e-05,4.1830069808005646e-05,4.126288242077845e-05,4.0695695033551257e-05,4.012850764632406e-05,3.956132025909687e-05,1.7582809004043053e-05,1.7582809004043053e-05,2.1127730174213023e-05,1.999335539975864e-05,1.885898062530424e-05,1.772460585084985e-05,1.659023107639546e-05,1.5455856301941067e-05,1.4321481527486678e-05,1.3187106753032288e-05,1.7582809004043053e-05,1.3187106753032288e-05,1.3187106753032288e-05,1.3187106753032288e-05,1.3187106753032288e-05,1.3187106753032288e-05,1.3187106753032288e-05,1.3187106753032288e-05,1.3187106753032288e-05,1.3187106753032288e-05,1.3187106753032288e-05,1.3187106753032288e-05,9.216795042441922e-06,9.783982429669117e-06,1.0351169816896312e-05,1.0918357204123508e-05,1.1485544591350705e-05,1.20527319785779e-05,1.2619919365805091e-05,1.3187106753032288e-05,1.3187106753032288e-05,1.3187106753032288e-05,1.3187106753032288e-05,1.3187106753032288e-05,1.3187106753032288e-05,1.3187106753032288e-05,1.3187106753032288e-05,1.3187106753032288e-05,1.3187106753032288e-05,1.3187106753032288e-05,8.791404502021526e-06,4.395702251010763e-06,4.395702251010763e-06,4.395702251010763e-06,4.395702251010763e-06,4.395702251010763e-06,4.395702251010763e-06,4.395702251010763e-06,4.395702251010763e-06,4.395702251010763e-06,4.395702251010763e-06,4.395702251010763e-06,4.395702251010763e-06,4.395702251010763e-06,4.395702251010763e-06,4.395702251010763e-06,4.395702251010763e-06,4.395702251010763e-06,4.395702251010763e-06,4.395702251010763e-06,4.395702251010763e-06,4.395702251010763e-06,6.522654953112745e-06,9.35859188924872e-06,1.2194528825384698e-05,1.5030465761520674e-05,1.786640269765665e-05,2.0702339633792623e-05,2.35382765699286e-05,2.6374213506064576e-05,8.791404502021526e-06,2.197851125505381e-05,2.6374213506064576e-05,2.6374213506064576e-05,2.6374213506064576e-05,2.6374213506064576e-05,2.6374213506064576e-05,2.6374213506064576e-05,2.6374213506064576e-05,2.6374213506064576e-05,2.197851125505381e-05,5.274842701212915e-05,2.197851125505381e-05,2.197851125505381e-05,2.197851125505381e-05,2.197851125505381e-05,2.197851125505381e-05,2.197851125505381e-05,2.197851125505381e-05,2.197851125505381e-05,2.6374213506064576e-05,2.6374213506064576e-05,2.552343242522378e-06,5.955467565885549e-06,9.35859188924872e-06,1.2761716212611892e-05,1.6164840535975064e-05,1.956796485933824e-05,2.297108918270141e-05,2.6374213506064576e-05,8.791404502021526e-06,2.197851125505381e-05,2.6799604046484973e-05,2.7366791433712168e-05,2.793397882093936e-05,2.850116620816656e-05,2.906835359539376e-05,2.963554098262095e-05,3.0202728369848146e-05,3.076991575707534e-05,3.956132025909687e-05,2.6374213506064576e-05,2.6374213506064576e-05,2.6374213506064576e-05,2.6374213506064576e-05,2.6374213506064576e-05,2.6374213506064576e-05,2.6374213506064576e-05,2.6374213506064576e-05,2.6374213506064576e-05,2.6374213506064576e-05,4.395702251010763e-05,1.885898062530424e-05,2.056054278698583e-05,2.226210494866741e-05,2.3963667110348995e-05,2.5665229272030583e-05,2.7366791433712168e-05,2.906835359539376e-05,3.076991575707534e-05,8.791404502021526e-05,7.912264051819373e-05,8.054060898626173e-05,7.657029727567134e-05,7.259998556508098e-05,6.862967385449062e-05,6.465936214390025e-05,6.068905043330989e-05,5.671873872271952e-05,5.274842701212915e-05,5.714412926313992e-05,5.714412926313992e-05,5.714412926313992e-05,5.714412926313992e-05,5.714412926313992e-05,5.714412926313992e-05,5.714412926313992e-05,5.714412926313992e-05,5.714412926313992e-05,5.714412926313992e-05,3.076991575707534e-05,3.076991575707534e-05,6.281600313541187e-05,6.451756529709346e-05,6.621912745877504e-05,6.792068962045662e-05,6.962225178213821e-05,7.13238139438198e-05,7.302537610550138e-05,7.472693826718297e-05,8.35183427692045e-05,8.791404502021526e-05,6.0121863046082695e-05,6.409217475667305e-05,6.806248646726343e-05,7.203279817785379e-05,7.600310988844415e-05,7.997342159903453e-05,8.394373330962489e-05,8.791404502021526e-05,7.033123601617221e-05,0.0001142882585262,0.0001410878625727,0.0001416550499599,0.0001422222373472,0.0001427894247344,0.0001433566121216,0.0001439237995089,0.0001444909868961,0.0001450581742833,0.0002549507305586,0.0002725335395626,0.0002742351017243,0.0002765038512732,0.0002787726008221,0.000281041350371,0.0002833100999199,0.0002855788494688,0.0002878475990178,0.0002901163485667,0.0002945120508177,0.0002769292418136,0.0002765038512732,0.000275936663886,0.0002753694764988,0.0002748022891115,0.0002742351017243,0.0002736679143371,0.0002731007269498,0.0002725335395626,0.0002285765170525,0.0002505550283076,0.0002290019075929,0.0002295690949802,0.0002301362823674,0.0002307034697546,0.0002312706571418,0.0002318378445291,0.0002324050319163,0.0002329722193035,0.0003428647755788,0.0006022112083884,0.0006644600241366,0.0006712662727833,0.0006780725214301,0.0006848787700768,0.0006916850187235,0.0006984912673702,0.000705297516017,0.0007121037646637,0.0006022112083884,0.0005230885678702,0.0005388280178658,0.0005422311421891,0.0005456342665125,0.0005490373908359,0.0005524405151592,0.0005558436394826,0.000559246763806,0.0005626498881293,0.0006373768263965,0.0008791404502021,0.0009567033254054,0.0009663455109883,0.0009759876965711,0.000985629882154,0.0009952720677369,0.0010049142533197,0.0010145564389026,0.0010241986244855,0.0016835539621371,0.0033099637950111,0.0037603105804694,0.0038039840092859,0.0038476574381024,0.0038913308669189,0.0039350042957354,0.0039786777245519,0.0040223511533684,0.0040660245821849,0.0067825685733096,0.0131827110507812,0.0137897433519611,0.0138254761573564,0.0138612089627518,0.0138969417681471,0.0139326745735424,0.0139684073789377,0.014004140184333,0.0140398729897283,0.0176619316445612,0.0177630327963344,0.0166974294925814,0.0166656669988966,0.0166339045052119,0.0166021420115272,0.0165703795178425,0.0165386170241577,0.016506854530473,0.0164750920367883,0.0207433189225197,0.041693235850837,0.0437404987250336,0.043451800344935,0.0431631019648363,0.0428744035847377,0.042585705204639,0.0422970068245404,0.0420083084444417,0.0417196100643431,0.0094683426486771,0.0017802594116593,0.0014456188531953,0.0014155579216722,0.0013854969901492,0.0013554360586261,0.0013253751271031,0.0012953141955801,0.001265253264057,0.001235192332534,0.0007912264051819,0.0005230885678702,0.0005579705921847,0.0005517315309252,0.0005454924696657,0.0005392534084062,0.0005330143471467,0.0005267752858872,0.0005205362246277,0.0005142971633682,0.0005450670791253,0.0005494627813763,0.0004874975593217,0.0004869303719345,0.0004863631845473,0.00048579599716,0.0004852288097728,0.0004846616223856,0.0004840944349984,0.0004835272476111,0.0003912175003399,0.000408800309344,0.0004069569503355,0.0004103600746588,0.0004137631989822,0.0004171663233056,0.0004205694476289,0.0004239725719523,0.0004273756962756,0.000430778820599,0.0004615487363561,0.0005230885678702,0.0004751612336495,0.0004757284210368,0.000476295608424,0.0004768627958112,0.0004774299831984,0.0004779971705857,0.0004785643579729,0.0004791315453601,0.0005186928656192,0.0004703401408581,0.0004543170971689,0.0004446749115861,0.0004350327260032,0.0004253905404203,0.0004157483548375,0.0004061061692546,0.0003964639836718,0.0003868217980889,0.0002241808148015,0.0001274753652793,0.0001612230148193,0.0001651933265299,0.0001691636382405,0.0001731339499511,0.0001771042616616,0.0001810745733722,0.0001850448850828,0.0001890151967934,0.0001538495787853,0.0001362667697813,0.0001314456769899,0.0001308784896026,0.0001303113022154,0.0001297441148282,0.0001291769274409,0.0001286097400537,0.0001280425526665,0.0001274753652793,0.0001494538765343,0.0001670366855384,0.0001341398170792,0.000131303880143,0.0001284679432069,0.0001256320062708,0.0001227960693346,0.0001199601323985,0.0001171241954624,0.0001142882585262,0.0001670366855384,0.0002461593260566,0.0002338230003844,0.0002349573751588,0.0002360917499333,0.0002372261247077,0.0002383604994822,0.0002394948742566,0.0002406292490311,0.0002417636238055,0.0001758280900404,0.0001186839607772,0.0001745519184191,0.0001728503562574,0.0001711487940958,0.0001694472319341,0.0001677456697724,0.0001660441076107,0.000164342545449,0.0001626409832873,0.0001186839607772,0.0001054968540242,0.0001054968540242,0.0001054968540242,0.0001054968540242,0.0001054968540242,0.0001054968540242,0.0001054968540242,0.0001054968540242,0.0001054968540242,7.472693826718297e-05,0.0001098925562752,5.898748827162831e-05,5.558436394826513e-05,5.218123962490196e-05,4.877811530153879e-05,4.5374990978175614e-05,4.197186665481245e-05,3.856874233144927e-05,3.5165618008086105e-05,0.0001054968540242,0.0001098925562752,5.87038945780147e-05,6.664451799919542e-05,7.458514142037617e-05,8.25257648415569e-05,9.046638826273762e-05,9.840701168391835e-05,0.000106347635105,0.0001142882585262,0.0001142882585262,9.670544952223678e-05,8.763045132660166e-05,8.139139006710251e-05,7.515232880760337e-05,6.89132675481042e-05,6.267420628860507e-05,5.643514502910592e-05,5.019608376960677e-05,4.395702251010763e-05,8.791404502021526e-05,2.6374213506064576e-05,4.863631845473199e-05,5.487537971423114e-05,6.111444097373028e-05,6.735350223322944e-05,7.359256349272858e-05,7.983162475222774e-05,8.607068601172687e-05,9.230974727122602e-05,6.593553376516144e-05,8.35183427692045e-05,5.005428692279998e-05,5.232303647170875e-05,5.459178602061754e-05,5.686053556952632e-05,5.9129285118435097e-05,6.139803466734389e-05,6.366678421625267e-05,6.593553376516144e-05,0.0001274753652793,0.0001142882585262,0.0001318710675303,0.0001318710675303,0.0001318710675303,0.0001318710675303,0.0001318710675303,0.0001318710675303,0.0001318710675303,0.0001318710675303,0.0001406624720323,0.0001098925562752,6.636092430558184e-05,6.692811169280903e-05,6.749529908003623e-05,6.806248646726343e-05,6.862967385449062e-05,6.919686124171781e-05,6.9764048628945e-05,7.033123601617221e-05,9.230974727122602e-05,0.0001274753652793,8.025701529264812e-05,8.763045132660166e-05,9.50038873605552e-05,0.0001023773233945,0.0001097507594284,0.0001171241954624,0.0001244976314963,0.0001318710675303,0.0001274753652793,0.0001450581742833,0.0001693054350873,0.0001664694981511,0.000163633561215,0.0001607976242789,0.0001579616873427,IR,550.0,3798.0,4.0,sum,False,True,False,False,20.0,0.1,100.0,2026-06-25 19:48:10,,,,,,,,,,,,,,,,,,,,,,,,,,,,,,,,,,,,,,,,,,,,,,,,,,,,,,,,,,,,,,,,,,,,,,,,,,,,,,,,,,,,,,,,,,,,,,,,,,,,,,,,,,,,,,,,,,,,,,,,,,,,,,,,,,,,,,,,,,,,,,,,,,,,,,,,,,,,,,,,,,,,,,,,,,,,,,,,,,,,,,,,,,,,,,,,,,,,,,,,,,,,,,,,,,,,,,,,,,,,,,,,,,,,,,,,,,,,,,,,,,,,,,,,,,,,,,,,,,,,,,
C=CCl,BZHJMEDXRYGGRV-UHFFFAOYSA-N,IR,IR_NIST_gas_7_mmhg_diluted_to_a_total_pressure_of_700_mmhg_with_n2_BZHJMEDXRYGGRV-UHFFFAOYSA-N_001,NIST Chemistry WebBook,NIST Chemistry WebBook,gas_7_mmhg_diluted_to_a_total_pressure_of_700_mmhg_with_n2,,,True,False,,E:\QSPR Forge\spectra_bank\IR\processed\IR_NIST_gas_7_mmhg_diluted_to_a_total_pressure_of_700_mmhg_with_n2_BZHJMEDXRYGGRV-UHFFFAOYSA-N_001_processed.csv,8.417623511419645e-05,9.988278677611028e-05,0.0001113265903581,0.0001321230415577,0.0001405286292066,0.0001556638809523,0.0001779430706445,0.0002030420940637,0.0002245278479229,0.0002636706777818,0.0003018334423777,0.000322894521411,0.0003527395035845,0.0003838009331205,0.0004202194052912,0.0004519887383233,0.0004764966280179,0.0004523835981035,0.0005285986821377,0.0005629255758675,0.0005872185130703,0.0006160293569936,0.0006471269885574,0.0006863773507826,0.0007209283460156,0.000752692113536,0.0007948220504522,0.0008272972357379,0.0008645636696047,0.0008902211747805,0.0009131764626905,0.0009516635545398,0.0009805765207636,0.001004729910904,0.0010206748419474,0.0010191441126892,0.000982186826163,0.0008961782578674,0.0008003633280644,0.0006854226833342,0.0006306505360869,0.000634620974347,0.000686970799136,0.0007461413648304,0.0006337510900646,0.0005819969214919,0.0005874197498676,0.0007347864647546,0.0010004066421958,0.0011657144635054,0.0012110320534261,0.0012356959581298,0.0012503535271775,0.0012602025721094,0.0012693662898367,0.0012770837300871,0.0012811901086404,0.0012854689783624,0.0012937790607472,0.0012962468300026,0.0013010973445767,0.0013045260570589,0.0013085659656626,0.0013098342538701,0.0013099347585137,0.0013113035513648,0.0013140411370671,0.0013145597713096,0.0013142444835642,0.0013154099299182,0.0013140411370671,0.0013095664601589,0.0013017220014071,0.0012969541947722,0.0012868615485142,0.001274164026496,0.0012620270087248,0.0012405560966864,0.0011815782976786,0.0011460504428956,0.0011722139172464,0.001128231886717,0.0011169302169327,0.0010922137627657,0.0010771911306419,0.0010731335952714,0.0009767002527141,0.0006437554668412,0.0010023496266749,0.0009563443810983,0.0009163358117964,0.0009073188712323,0.0009277333433361,0.0009212626159031,0.0008823027141216,0.0009034032817336,0.0009431277034621,0.0009332929418836,0.0006137024884184,0.0009222834726987,0.0010188458691525,0.0010112216026314,0.0009736528319897,0.0010826466706824,0.0009949282654891,0.0010790687043433,0.001097042381957,0.0010999162369088,0.0011366324760027,0.001175341958364,0.001207734537001,0.0012223320160426,0.0012424307734746,0.0012582757059874,0.001264455687994,0.0012377905257795,0.0011561020118171,0.0010474594406848,0.0009689048816115,0.0009991769181508,0.001199473149422,0.0010811795430685,0.001075049323526,0.0010498641168025,0.0010719365629476,0.0011377110519183,0.0012221312223441,0.0012813519341752,0.0013011536074381,0.0013145458506863,0.0013181475156204,0.0013172884229008,0.0013154099299182,0.0013143335714469,0.0013154099299182,0.0013140411370671,0.0013140411370671,0.0013140411370671,0.0013152058867054,0.0013113035513648,0.0013140411370671,0.0013113035513648,0.0013099347585137,0.0013085659656626,0.0013058283799604,0.0013058069213949,0.0013091913192085,0.0013099347585137,0.0013085659656626,0.0013099347585137,0.0013094193751543,0.0013099347585137,0.0013085659656626,0.0013103346089126,0.0013113035513648,0.0013140411370671,0.0013140411370671,0.0013140411370671,0.0013172014085179,0.0013140411370671,0.0013154099299182,0.0013154099299182,0.0013154099299182,0.0013106807519864,0.0013222538941737,0.0013195163084715,0.0013182444989317,0.0013154099299182,0.0013113035513648,0.0013099347585137,0.0013113035513648,0.0013099347585137,0.0013044924107619,0.0012992610733783,0.0012962468300026,0.0012989844157048,0.0012948780371515,0.0012739450141646,0.0012128262109748,0.0011481973821634,0.001117210345728,0.0011307006287641,0.0011755648579302,0.001252445458767,0.0011903454682863,0.0010956867762286,0.0011182639767627,0.0011815632190566,0.0012394795192083,0.0012738724051791,0.001294566001658,0.001304950381474,0.0013085659656626,0.0013058283799604,0.0013058283799604,0.0013044595871093,0.00130138154293,0.0012958653091088,0.0012863999888272,0.0012688709729804,0.0012609200986603,0.0012300336316883,0.0012065085325138,0.0011937023228681,0.00122051094392,0.0012631197472663,0.001229167159797,0.0011939411580575,0.0011778914732973,0.0011947465756066,0.0012081596662663,0.0012474502956396,0.0012613529507917,0.0012853254919142,0.0012784525229382,0.0012880340728959,0.0012907716585982,0.0012843641955389,0.0012821958375815,0.0012907716585982,0.0012989844157048,0.0012998668244418,0.0012893278066223,0.0013041437258398,0.0013085659656626,0.0013061144385032,0.0013113237383218,0.001300276664236,0.0013097698135,0.0013101950591126,0.0013187292539509,0.0012968077996392,0.0013104413295848,0.0013222538941737,0.0013190849060286,0.0013047096541607,0.0013058283799604,0.0012831590760929,0.0012784525229382,0.0012778903870901,0.00124569360332,0.0012913893605921,0.0012798435778362,0.001247162491886,0.0012597851299197,0.0012800076139715,0.0012947113428205,0.0013085659656626,0.001275812949648,0.0012989844157048,0.001311208781623,0.0013107515089952,0.0013099347585137,0.0012675021801293,0.0013003532085559,0.0012883810194511,0.0012799849891944,0.0012346511517026,0.0012091585346366,0.0011008594991646,0.0009514798858086,0.0007040668386782,0.0005997034027006,0.0005379355904868,0.0006277649647144,0.0006599991649845,0.0008425672971539,0.0005278884018393,0.0004680568703048,0.0005808626136223,0.0008600268516911,0.0011016831483621,0.001203541323598,0.001256101883628,0.001265163863089,0.0012619724979183,0.0012305447731493,0.0012969908537823,0.0013058283799604,0.001304778473411,0.0012991658355093,0.0013060151490073,0.0013062717319649,0.0013073292941727,0.0012766157897722,0.0013085659656626,0.0013112322098814,0.0012935254842771,0.0012497078730648,0.0012962468300026,0.0012989844157048,0.0012948780371515,0.0012761812521093,0.0012951676983571,0.0012972321308982,0.0013003532085559,0.0012928284382185,0.0012979167627561,0.0012933555493951,0.0012989844157048,0.0013003532085559,0.0013025234433093,0.0013062789153898,0.0013003532085559,0.0013120314971171,0.0013043719980547,0.0012961300172207,0.0013035375052803,0.0012963301210476,0.0012921404514493,0.0012961462606855,0.0012866652800448,0.0013001471440634,0.0012952041082469,0.0012866652800448,0.0012880340728959,0.0012971727389764,0.0013003532085559,0.0013089537528901,0.0013017220014071,0.0013085659656626,0.0013117128335532,0.0013173287940772,0.0013133287789411,0.0012968161492756,0.0013061529481213,0.0013140411370671,0.0013154099299182,0.0013135053422686,0.0013153740812334,0.0013099574135149,0.0013113035513648,0.0013180210802247,0.0013177655252306,0.0013154099299182,0.001317130661312,0.0013193027548861,0.0013226871540685,0.0013285504767517,0.0013290978584293,0.0013318354441315,0.0013290978584293,0.0013288149344221,0.0013318354441315,0.0013290978584293,0.0013290978584293,0.0013318354441315,0.0013318354441315,0.0013318354441315,0.0013290978584293,0.0013332042369826,0.0013277468119775,0.0013290978584293,0.0013318354441315,0.0013290978584293,0.0013290978584293,0.0013278971464963,0.0013282077967715,0.0013290978584293,0.0013286942944954,0.001324991479876,0.0013236226870248,0.0012644410213786,0.0013108210566756,0.0013224939403256,0.0013290791278679,0.0013318354441315,0.0013318354441315,0.0013332042369826,0.0013341981770143,0.0013318354441315,0.0013328571097468,0.0013332042369826,0.0013345730298337,0.0013332042369826,0.0013345730298337,0.0013382571132074,0.0013345730298337,0.0013332042369826,0.0013332042369826,0.0013113035513648,0.0013310385828826,0.0013330301805993,0.0013333535873394,0.0013328260318526,0.0013326316065997,0.0013332042369826,0.0013333971112563,0.0013368726575335,0.0013324195600552,0.0013345730298337,0.001337310615536,0.001337310615536,0.0013367302573593,0.0013332119508147,0.001337310615536,0.0013318354441315,0.0013318354441315,0.0013325854677822,0.0013345730298337,0.0013332042369826,0.0013329160376478,0.0013318354441315,0.0013344974680882,0.0013345730298337,0.0013345730298337,0.0013333217326553,0.001334472899729,0.0013332570513073,0.0013332042369826,0.0013332042369826,0.0013332042369826,0.0013332042369826,0.0013332042369826,0.0013332042369826,0.0013332042369826,0.0013332042369826,0.0013332042369826,0.0013332042369826,0.0013332042369826,0.0013332042369826,0.0013332042369826,0.0013345397962277,0.0013339089921487,0.0013345730298337,0.0013361518413628,0.0013318354441315,0.0013335104181491,0.0013334507333056,0.0013327884380938,0.0013369266695519,0.0013322152480116,0.0013318354441315,0.0013318354441315,0.0013318354441315,0.0013332042369826,0.0013369008001883,0.0013354356146176,0.0013343737390698,0.0013290978584293,0.0013328869668146,0.0013318354441315,0.0013331468640303,0.0013326136254525,0.0013327494624018,0.0013332896710097,0.001335131985976,0.0013362797269945,0.001337310615536,0.0013373509492074,0.0013386794083871,0.0013386794083871,0.0013386794083871,0.0013386794083871,0.0013383977046587,0.0013386794083871,0.001341380571059,0.0013414169940893,0.0013395420693877,0.0013386794083871,0.0013370222631701,0.0013329142951745,0.0013290978584293,0.0013327721980511,0.0013345730298337,0.0013345730298337,0.0013326660570626,0.0013290978584293,0.0013290978584293,0.0013290978584293,0.0013290978584293,0.0013290978584293,0.0013290978584293,0.0013318443188368,0.0013332042369826,0.0013351969278045,0.001336649012249,0.0013345730298337,0.0013335383723211,0.0013318354441315,0.0013291958188273,0.0013318354441315,0.0013318354441315,0.0013298923134653,0.0013315072126102,0.0013333048672111,0.0013335880766115,0.0013318354441315,0.001332816138081,0.0013318354441315,0.0013318354441315,0.0013305792892441,0.00132974472803,0.0013311280029246,0.0013330598638304,0.0013329304670514,0.0013290978584293,0.0013290978584293,0.0013314925253862,0.0013279727342489,0.0013301417395525,0.0013318354441315,0.0013318354441315,0.0013316669659897,0.0013290978584293,0.0013290978584293,0.0013306382171452,0.0013318354441315,0.0013314683749526,0.0013287262530709,0.001324991479876,0.001324991479876,0.001324991479876,0.001324991479876,0.0013255843547051,0.0013283489097329,0.0013290978584293,0.0013274822645619,0.001324991479876,0.001324991479876,0.001324991479876,0.0013265907651241,0.0013277290655782,0.0013277290655782,0.0013269269269604,0.0013236226870248,0.0013280453977125,0.0013279597842358,0.0013289761642583,0.001324991479876,0.0013262900947176,0.0013241204048807,0.0013270960344732,0.0013277290655782,0.0013265807852554,0.0013290884613926,0.0013244558398954,0.001324991479876,0.001327818340438,0.0013286673258543,0.0013260843076628,0.0013275754237821,0.0013248755845959,0.0013236226870248,0.0013282801693712,0.001328419087058,0.0013257970703156,0.0013248906181847,0.0013236226870248,0.0013236226870248,0.0013236226870248,0.0013236226870248,0.0013236226870248,0.0013244209433859,0.0013277290655782,0.0013277168386992,0.0013249206852253,0.0013236226870248,0.0013236226870248,0.0013243993619893,0.0013270801208875,0.0013252407793492,0.001324991479876,0.001324991479876,0.001324991479876,0.0013249507522659,0.0013236226870248,0.0013236226870248,0.0013222538941737,0.0013222538941737,0.0013223026073568,0.0013235323116556,0.0013222538941737,0.0013179996702514,0.0013145460119301,0.0013139657951497,0.0013099347585137,0.0013085659656626,0.0013099347585137,0.0013113035513648,0.0013133519984587,0.0013140411370671,0.0013140411370671,0.0013113035513648,0.0013140411370671,0.0013140411370671,0.0013135266776428,0.0013109456263215,0.001309422561704,0.0013067881219346,0.0013045744485401,0.0013002395857458,0.0012962468300026,0.0012948780371515,0.0012921404514493,0.0012907716585982,0.0012921404514493,0.0012928641746622,0.0012955633048137,0.0012989844157048,0.0012989844157048,0.0012968202173279,0.0012995945161076,0.0012989844157048,0.001298560191077,0.0012989844157048,0.0012991959421081,0.0013017220014071,0.001305317925624,0.00130819187047,0.001308702324122,0.0013103945237133,0.0013105203801096,0.0013113035513648,0.0013140411370671,0.001313930992907,0.0013113035513648,0.0013105955480534,0.0013085659656626,0.0013058283799604,0.0013017969946929,0.0013017220014071,0.0013017220014071,0.0012993969664482,0.0012962468300026,0.0012948780371515,0.0012972506325974,0.0012997286112681,0.0013003532085559,0.0012986980450773,0.0012951609781336,0.0012805570351028,0.001265252076313,0.0012434792701674,0.0012361710128824,0.0012491210822461,0.0012582008398624,0.001264613501597,0.0012222847142574,0.0012129139168576,0.0012189483758558,0.0012272870156395,0.0012344398634693,0.0012509560369395,0.0012596497782725,0.00126525309579,0.0012625986439953,0.0012425580688282,0.0012466683508227,0.0012637316814409,0.0012752591587824,0.0012914928926613,0.0012948780371515,0.0012950789139357,0.0012962468300026,0.0012996010117141,0.0012996747255381,0.0012989844157048,0.0013002226283187,0.0013003532085559,0.0013003532085559,0.0013003532085559,0.0013003532085559,0.0013001294213276,0.0012989844157048,0.0012994669277777,0.0012962468300026,0.0012989844157048,0.0012986980231766,0.0012941701599059,0.0012907716585982,0.0012940793834803,0.0012948780371515,0.0012907794599114,0.0012880340728959,0.0012880340728959,0.0012880340728959,0.0012907716585982,0.0012887468208541,0.0012897802090851,0.0012872833817262,0.0012866652800448,0.001285591182135,0.0012852964871937,0.0012852964871937,0.0012852964871937,0.0012825589014915,0.0012784525229382,0.0012771372052649,0.0012764833741206,0.0012757149372359,0.0012720535888271,0.0012714259973049,0.0012675857222109,0.0012675021801293,0.001264764594427,0.0012633958015759,0.0012621406179839,0.0012579393586797,0.0012551830444693,0.0012538142516182,0.0012502539507827,0.0012484827563766,0.0012452409547483,0.0012407968563986,0.0012391046568074,0.001234824895043,0.0012340822983375,0.0012315694991116,0.0012279297956979,0.0012233134843182,0.0012209921626206,0.0012179266713668,0.0012163089202818,0.0012127504660848,0.0012113816732337,0.0012113816732337,0.0012126459513591,0.001215488051787,0.0012162842149397,0.0012182501731011,0.0012209632231915,0.0012213660318255,0.0012236371285439,0.0012300381421874,0.0012314522958131,0.0012342395296852,0.0012359670149767,0.0012371747211674,0.001240126323107,0.0012402053656928,0.0012458610927828,0.0012483390802137,0.0012489162237637,0.0012497078730648,0.0012497078730648,0.0012523375354734,0.0012538142516182,0.0012565470848716,0.0012593272400315,0.0012621752796516,0.0012633958015759,0.0012636879267865,0.001264764594427,0.0012633958015759,0.0012633958015759,0.0012633958015759,0.0012633958015759,0.0012683572711829,0.0012716085586826,0.0012716085586826,0.0012716085586826,0.0012716085586826,0.0012716085586826,0.0012716085586826,0.0012716085586826,0.0012667394805399,0.0012661741061279,0.0012737768935515,0.0012770837300871,0.0012730085379732,0.0012644584125762,0.0012651476880638,0.0012743306633377,0.0012734899625401,0.0012736190039805,0.0012755573474306,0.0012701337144754,0.0012679931462775,0.0012675021801293,0.0012681819615328,0.001269486050314,0.0012634954483267,0.0012718410825051,0.0012754446263812,0.0012727101453749,0.0012644037934221,0.0012483390802137,0.0012676249819274,0.0012716917885426,0.0012770837300871,0.001270778692428,0.0012625288300847,0.0012525136551751,0.0012650541637487,0.0012715765453554,0.0012683897403181,0.0012627906924763,0.0012706571239122,0.0012729773515337,0.0012716085586826,0.0012688709729804,0.0012655164644012,0.0012647230997034,0.0012688709729804,0.0012694508565966,0.0012703818615862,0.0012678418352618,0.0012532519476823,0.0012510744156205,0.0012551208574725,0.0012401182607803,0.0012405835046631,0.0012529421745296,0.0012621666153297,0.0012638588149209,0.001264764594427,0.0012626603623174,0.0012633378496242,0.0012633958015759,0.0012640084847959,0.0012675021801293,0.0012989844157048,IR,550.0,3798.0,4.0,sum,False,True,False,False,20.0,0.1,100.0,2026-06-25 19:50:09,,,,,,,,,,,,,,,,,,,,,,,,,,,,,,,,,,,,,,,,,,,,,,,,,,,,,,,,,,,,,,,,,,,,,,,,,,,,,,,,,,,,,,,,,,,,,,,,,,,,,,,,,,,,,,,,,,,,,,,,,,,,,,,,,,,,,,,,,,,,,,,,,,,,,,,,,,,,,,,,,,,,,,,,,,,,,,,,,,,,,,,,,,,,,,,,,,,,,,,,,,,,,,,,,,,,,,,,,,,,,,,,,,,,,,,,,,,,,,,,,,,,,,,,,,,,,,,,,,,,,,
CC(C)CC(C)C,BZHMBWZPUJHVEE-UHFFFAOYSA-N,IR,IR_NIST_gas_BZHMBWZPUJHVEE-UHFFFAOYSA-N_001,NIST Chemistry WebBook,NIST Chemistry WebBook,gas,,,True,False,,E:\QSPR Forge\spectra_bank\IR\processed\IR_NIST_gas_BZHMBWZPUJHVEE-UHFFFAOYSA-N_001_processed.csv,0.0001371175508621,0.0001246394283431,0.0001121613058241,9.968318330517956e-05,8.720506078618125e-05,7.472693826718297e-05,0.0001054968540242,8.791404502021526e-05,8.19585774543297e-05,9.160076303719204e-05,0.00010124294862,0.0001108851342029,0.0001205273197857,0.0001301695053686,0.0001398116909515,0.0001494538765343,0.0001318710675303,0.0001274753652793,0.000150446454462,0.0001459089553641,0.0001413714562663,0.0001368339571685,0.0001322964580707,0.0001277589589729,0.0001232214598751,0.0001186839607772,9.670544952223678e-05,0.0001670366855384,0.0001702980130149,0.000162924576981,0.000155551140947,0.0001481777049131,0.0001408042688791,0.0001334308328451,0.0001260573968112,0.0001186839607772,0.0001362667697813,0.0001362667697813,0.0001556929377938,0.0001522898134705,0.0001488866891471,0.0001454835648237,0.0001420804405004,0.000138677316177,0.0001352741918536,0.0001318710675303,0.0001406624720323,0.0001582452810363,0.0001538495787853,0.0001538495787853,0.0001538495787853,0.0001538495787853,0.0001538495787853,0.0001538495787853,0.0001538495787853,0.0001538495787853,0.0001450581742833,0.0003296776688258,0.0003763288314252,0.0003740600818763,0.0003717913323274,0.0003695225827785,0.0003672538332296,0.0003649850836807,0.0003627163341317,0.0003604475845828,0.0002461593260566,0.0001670366855384,0.0001837687134616,0.0001826343386871,0.0001814999639127,0.0001803655891382,0.0001792312143637,0.0001780968395893,0.0001769624648148,0.0001758280900404,0.0003252819665747,0.0002109937080485,0.0001802237922914,0.0001802237922914,0.0001802237922914,0.0001802237922914,0.0001802237922914,0.0001802237922914,0.0001802237922914,0.0001802237922914,0.0002857206463156,0.000448361629603,0.0004304952269054,0.0004242561656459,0.0004180171043864,0.0004117780431269,0.0004055389818674,0.0003992999206079,0.0003930608593484,0.0003868217980889,0.0001714323877894,0.0002505550283076,0.0002936612697368,0.0003101097039664,0.000326558138196,0.0003430065724256,0.0003594550066552,0.0003759034408848,0.0003923518751144,0.000408800309344,0.0006769381466556,0.0002857206463156,0.0001864628535509,0.0001830597292275,0.0001796566049042,0.0001762534805808,0.0001728503562574,0.0001694472319341,0.0001660441076107,0.0001626409832873,0.0001538495787853,0.0001362667697813,0.0001596632495044,0.0001556929377938,0.0001517226260832,0.0001477523143726,0.000143782002662,0.0001398116909515,0.0001358413792409,0.0001318710675303,0.0001670366855384,0.0001802237922914,0.0001776714490489,0.0001742683247255,0.0001708652004021,0.0001674620760788,0.0001640589517554,0.0001606558274321,0.0001572527031087,0.0001538495787853,0.0001274753652793,0.0002285765170525,0.000268563227852,0.0002691304152393,0.0002696976026265,0.0002702647900137,0.0002708319774009,0.0002713991647882,0.0002719663521754,0.0002725335395626,0.0005670455903803,0.001670366855384,0.0019027718873004,0.0018902937647814,0.0018778156422624,0.0018653375197434,0.0018528593972244,0.0018403812747054,0.0018279031521864,0.0018154250296674,0.0005670455903803,0.0001670366855384,0.0001890151967934,0.0001890151967934,0.0001890151967934,0.0001890151967934,0.0001890151967934,0.0001890151967934,0.0001890151967934,0.0001890151967934,0.0001846194945424,0.0002329722193035,0.0002448831544353,0.0002431815922736,0.0002414800301119,0.0002397784679502,0.0002380769057886,0.0002363753436269,0.0002346737814652,0.0002329722193035,0.0002285765170525,0.0002593464328096,0.0002593464328096,0.0002593464328096,0.0002593464328096,0.0002593464328096,0.0002593464328096,0.0002593464328096,0.0002593464328096,0.0002593464328096,0.0003252819665747,0.0006593553376516,0.0007396123529442,0.0007469857889782,0.0007543592250121,0.0007617326610461,0.00076910609708,0.000776479533114,0.0007838529691479,0.0007912264051819,0.0010945298605016,0.0030725958734565,0.0035091883647746,0.0035579664800761,0.0036067445953777,0.0036555227106792,0.0037043008259808,0.0037530789412823,0.0038018570565838,0.0038506351718854,0.0040176718574238,0.0019912531197078,0.0011926532784919,0.0011359345397692,0.0010792158010465,0.0010224970623238,0.0009657783236011,0.0009090595848783,0.0008523408461556,0.0007956221074329,0.0004835272476111,0.001252775141538,0.0017709008197701,0.0018463367422713,0.0019217726647725,0.0019972085872737,0.0020726445097749,0.0021480804322761,0.0022235163547774,0.0022989522772786,0.0047385670265896,0.0036352457615859,0.0027103049298651,0.0026082112001642,0.0025061174704633,0.0024040237407624,0.0023019300110615,0.0021998362813606,0.0020977425516597,0.0019956488219588,0.000417591713846,0.0001670366855384,0.0001663277013043,0.0001595214526576,0.0001527152040109,0.0001459089553641,0.0001391027067174,0.0001322964580707,0.000125490209424,0.0001186839607772,8.35183427692045e-05,0.0001011011517732,8.43691238500453e-05,8.550349862449968e-05,8.663787339895408e-05,8.777224817340846e-05,8.890662294786286e-05,9.004099772231724e-05,9.117537249677163e-05,9.230974727122602e-05,0.0001011011517732,9.230974727122602e-05,8.833943556063565e-05,8.890662294786286e-05,8.947381033509005e-05,9.004099772231724e-05,9.060818510954444e-05,9.117537249677163e-05,9.174255988399884e-05,9.230974727122602e-05,8.35183427692045e-05,0.0001142882585262,0.000113012086905,0.0001113105247433,0.0001096089625816,0.0001079074004199,0.0001062058382582,0.0001045042760966,0.0001028027139349,0.0001011011517732,0.0001054968540242,0.0001054968540242,0.0001213781008666,0.0001191093513177,0.0001168406017688,0.0001145718522198,0.0001123031026709,0.000110034353122,0.0001077656035731,0.0001054968540242,7.472693826718297e-05,9.230974727122602e-05,6.820428331407022e-05,6.536834637793424e-05,6.253240944179827e-05,5.9696472505662295e-05,5.686053556952632e-05,5.4024598633390346e-05,5.118866169725436e-05,4.835272476111839e-05,2.6374213506064576e-05,4.835272476111839e-05,4.140467926758525e-05,3.800155494422208e-05,3.459843062085891e-05,3.119530629749574e-05,2.7792181974132565e-05,2.4389057650769395e-05,2.0985933327406226e-05,1.7582809004043053e-05,3.076991575707534e-05,4.395702251010763e-05,2.41054639571558e-05,2.694140089329177e-05,2.977733782942775e-05,3.261327476556372e-05,3.54492117016997e-05,3.828514863783567e-05,4.112108557397166e-05,4.395702251010763e-05,2.197851125505381e-05,1.7582809004043053e-05,4.353163196968723e-05,4.296444458246004e-05,4.239725719523284e-05,4.1830069808005646e-05,4.126288242077845e-05,4.0695695033551257e-05,4.012850764632406e-05,3.956132025909687e-05,1.7582809004043053e-05,1.7582809004043053e-05,2.1127730174213023e-05,1.999335539975864e-05,1.885898062530424e-05,1.772460585084985e-05,1.659023107639546e-05,1.5455856301941067e-05,1.4321481527486678e-05,1.3187106753032288e-05,1.7582809004043053e-05,1.3187106753032288e-05,1.3187106753032288e-05,1.3187106753032288e-05,1.3187106753032288e-05,1.3187106753032288e-05,1.3187106753032288e-05,1.3187106753032288e-05,1.3187106753032288e-05,1.3187106753032288e-05,1.3187106753032288e-05,1.3187106753032288e-05,9.216795042441922e-06,9.783982429669117e-06,1.0351169816896312e-05,1.0918357204123508e-05,1.1485544591350705e-05,1.20527319785779e-05,1.2619919365805091e-05,1.3187106753032288e-05,1.3187106753032288e-05,1.3187106753032288e-05,1.3187106753032288e-05,1.3187106753032288e-05,1.3187106753032288e-05,1.3187106753032288e-05,1.3187106753032288e-05,1.3187106753032288e-05,1.3187106753032288e-05,1.3187106753032288e-05,8.791404502021526e-06,4.395702251010763e-06,4.395702251010763e-06,4.395702251010763e-06,4.395702251010763e-06,4.395702251010763e-06,4.395702251010763e-06,4.395702251010763e-06,4.395702251010763e-06,4.395702251010763e-06,4.395702251010763e-06,4.395702251010763e-06,4.395702251010763e-06,4.395702251010763e-06,4.395702251010763e-06,4.395702251010763e-06,4.395702251010763e-06,4.395702251010763e-06,4.395702251010763e-06,4.395702251010763e-06,4.395702251010763e-06,4.395702251010763e-06,6.522654953112745e-06,9.35859188924872e-06,1.2194528825384698e-05,1.5030465761520674e-05,1.786640269765665e-05,2.0702339633792623e-05,2.35382765699286e-05,2.6374213506064576e-05,8.791404502021526e-06,2.197851125505381e-05,2.6374213506064576e-05,2.6374213506064576e-05,2.6374213506064576e-05,2.6374213506064576e-05,2.6374213506064576e-05,2.6374213506064576e-05,2.6374213506064576e-05,2.6374213506064576e-05,2.197851125505381e-05,5.274842701212915e-05,2.197851125505381e-05,2.197851125505381e-05,2.197851125505381e-05,2.197851125505381e-05,2.197851125505381e-05,2.197851125505381e-05,2.197851125505381e-05,2.197851125505381e-05,2.6374213506064576e-05,2.6374213506064576e-05,2.552343242522378e-06,5.955467565885549e-06,9.35859188924872e-06,1.2761716212611892e-05,1.6164840535975064e-05,1.956796485933824e-05,2.297108918270141e-05,2.6374213506064576e-05,8.791404502021526e-06,2.197851125505381e-05,2.6799604046484973e-05,2.7366791433712168e-05,2.793397882093936e-05,2.850116620816656e-05,2.906835359539376e-05,2.963554098262095e-05,3.0202728369848146e-05,3.076991575707534e-05,3.956132025909687e-05,2.6374213506064576e-05,2.6374213506064576e-05,2.6374213506064576e-05,2.6374213506064576e-05,2.6374213506064576e-05,2.6374213506064576e-05,2.6374213506064576e-05,2.6374213506064576e-05,2.6374213506064576e-05,2.6374213506064576e-05,4.395702251010763e-05,1.885898062530424e-05,2.056054278698583e-05,2.226210494866741e-05,2.3963667110348995e-05,2.5665229272030583e-05,2.7366791433712168e-05,2.906835359539376e-05,3.076991575707534e-05,8.791404502021526e-05,7.912264051819373e-05,8.054060898626173e-05,7.657029727567134e-05,7.259998556508098e-05,6.862967385449062e-05,6.465936214390025e-05,6.068905043330989e-05,5.671873872271952e-05,5.274842701212915e-05,5.714412926313992e-05,5.714412926313992e-05,5.714412926313992e-05,5.714412926313992e-05,5.714412926313992e-05,5.714412926313992e-05,5.714412926313992e-05,5.714412926313992e-05,5.714412926313992e-05,5.714412926313992e-05,3.076991575707534e-05,3.076991575707534e-05,6.281600313541187e-05,6.451756529709346e-05,6.621912745877504e-05,6.792068962045662e-05,6.962225178213821e-05,7.13238139438198e-05,7.302537610550138e-05,7.472693826718297e-05,8.35183427692045e-05,8.791404502021526e-05,6.0121863046082695e-05,6.409217475667305e-05,6.806248646726343e-05,7.203279817785379e-05,7.600310988844415e-05,7.997342159903453e-05,8.394373330962489e-05,8.791404502021526e-05,7.033123601617221e-05,0.0001142882585262,0.0001410878625727,0.0001416550499599,0.0001422222373472,0.0001427894247344,0.0001433566121216,0.0001439237995089,0.0001444909868961,0.0001450581742833,0.0002549507305586,0.0002725335395626,0.0002742351017243,0.0002765038512732,0.0002787726008221,0.000281041350371,0.0002833100999199,0.0002855788494688,0.0002878475990178,0.0002901163485667,0.0002945120508177,0.0002769292418136,0.0002765038512732,0.000275936663886,0.0002753694764988,0.0002748022891115,0.0002742351017243,0.0002736679143371,0.0002731007269498,0.0002725335395626,0.0002285765170525,0.0002505550283076,0.0002290019075929,0.0002295690949802,0.0002301362823674,0.0002307034697546,0.0002312706571418,0.0002318378445291,0.0002324050319163,0.0002329722193035,0.0003428647755788,0.0006022112083884,0.0006644600241366,0.0006712662727833,0.0006780725214301,0.0006848787700768,0.0006916850187235,0.0006984912673702,0.000705297516017,0.0007121037646637,0.0006022112083884,0.0005230885678702,0.0005388280178658,0.0005422311421891,0.0005456342665125,0.0005490373908359,0.0005524405151592,0.0005558436394826,0.000559246763806,0.0005626498881293,0.0006373768263965,0.0008791404502021,0.0009567033254054,0.0009663455109883,0.0009759876965711,0.000985629882154,0.0009952720677369,0.0010049142533197,0.0010145564389026,0.0010241986244855,0.0016835539621371,0.0033099637950111,0.0037603105804694,0.0038039840092859,0.0038476574381024,0.0038913308669189,0.0039350042957354,0.0039786777245519,0.0040223511533684,0.0040660245821849,0.0067825685733096,0.0131827110507812,0.0137897433519611,0.0138254761573564,0.0138612089627518,0.0138969417681471,0.0139326745735424,0.0139684073789377,0.014004140184333,0.0140398729897283,0.0176619316445612,0.0177630327963344,0.0166974294925814,0.0166656669988966,0.0166339045052119,0.0166021420115272,0.0165703795178425,0.0165386170241577,0.016506854530473,0.0164750920367883,0.0207433189225197,0.041693235850837,0.0437404987250336,0.043451800344935,0.0431631019648363,0.0428744035847377,0.042585705204639,0.0422970068245404,0.0420083084444417,0.0417196100643431,0.0094683426486771,0.0017802594116593,0.0014456188531953,0.0014155579216722,0.0013854969901492,0.0013554360586261,0.0013253751271031,0.0012953141955801,0.001265253264057,0.001235192332534,0.0007912264051819,0.0005230885678702,0.0005579705921847,0.0005517315309252,0.0005454924696657,0.0005392534084062,0.0005330143471467,0.0005267752858872,0.0005205362246277,0.0005142971633682,0.0005450670791253,0.0005494627813763,0.0004874975593217,0.0004869303719345,0.0004863631845473,0.00048579599716,0.0004852288097728,0.0004846616223856,0.0004840944349984,0.0004835272476111,0.0003912175003399,0.000408800309344,0.0004069569503355,0.0004103600746588,0.0004137631989822,0.0004171663233056,0.0004205694476289,0.0004239725719523,0.0004273756962756,0.000430778820599,0.0004615487363561,0.0005230885678702,0.0004751612336495,0.0004757284210368,0.000476295608424,0.0004768627958112,0.0004774299831984,0.0004779971705857,0.0004785643579729,0.0004791315453601,0.0005186928656192,0.0004703401408581,0.0004543170971689,0.0004446749115861,0.0004350327260032,0.0004253905404203,0.0004157483548375,0.0004061061692546,0.0003964639836718,0.0003868217980889,0.0002241808148015,0.0001274753652793,0.0001612230148193,0.0001651933265299,0.0001691636382405,0.0001731339499511,0.0001771042616616,0.0001810745733722,0.0001850448850828,0.0001890151967934,0.0001538495787853,0.0001362667697813,0.0001314456769899,0.0001308784896026,0.0001303113022154,0.0001297441148282,0.0001291769274409,0.0001286097400537,0.0001280425526665,0.0001274753652793,0.0001494538765343,0.0001670366855384,0.0001341398170792,0.000131303880143,0.0001284679432069,0.0001256320062708,0.0001227960693346,0.0001199601323985,0.0001171241954624,0.0001142882585262,0.0001670366855384,0.0002461593260566,0.0002338230003844,0.0002349573751588,0.0002360917499333,0.0002372261247077,0.0002383604994822,0.0002394948742566,0.0002406292490311,0.0002417636238055,0.0001758280900404,0.0001186839607772,0.0001745519184191,0.0001728503562574,0.0001711487940958,0.0001694472319341,0.0001677456697724,0.0001660441076107,0.000164342545449,0.0001626409832873,0.0001186839607772,0.0001054968540242,0.0001054968540242,0.0001054968540242,0.0001054968540242,0.0001054968540242,0.0001054968540242,0.0001054968540242,0.0001054968540242,0.0001054968540242,7.472693826718297e-05,0.0001098925562752,5.898748827162831e-05,5.558436394826513e-05,5.218123962490196e-05,4.877811530153879e-05,4.5374990978175614e-05,4.197186665481245e-05,3.856874233144927e-05,3.5165618008086105e-05,0.0001054968540242,0.0001098925562752,5.87038945780147e-05,6.664451799919542e-05,7.458514142037617e-05,8.25257648415569e-05,9.046638826273762e-05,9.840701168391835e-05,0.000106347635105,0.0001142882585262,0.0001142882585262,9.670544952223678e-05,8.763045132660166e-05,8.139139006710251e-05,7.515232880760337e-05,6.89132675481042e-05,6.267420628860507e-05,5.643514502910592e-05,5.019608376960677e-05,4.395702251010763e-05,8.791404502021526e-05,2.6374213506064576e-05,4.863631845473199e-05,5.487537971423114e-05,6.111444097373028e-05,6.735350223322944e-05,7.359256349272858e-05,7.983162475222774e-05,8.607068601172687e-05,9.230974727122602e-05,6.593553376516144e-05,8.35183427692045e-05,5.005428692279998e-05,5.232303647170875e-05,5.459178602061754e-05,5.686053556952632e-05,5.9129285118435097e-05,6.139803466734389e-05,6.366678421625267e-05,6.593553376516144e-05,0.0001274753652793,0.0001142882585262,0.0001318710675303,0.0001318710675303,0.0001318710675303,0.0001318710675303,0.0001318710675303,0.0001318710675303,0.0001318710675303,0.0001318710675303,0.0001406624720323,0.0001098925562752,6.636092430558184e-05,6.692811169280903e-05,6.749529908003623e-05,6.806248646726343e-05,6.862967385449062e-05,6.919686124171781e-05,6.9764048628945e-05,7.033123601617221e-05,9.230974727122602e-05,0.0001274753652793,8.025701529264812e-05,8.763045132660166e-05,9.50038873605552e-05,0.0001023773233945,0.0001097507594284,0.0001171241954624,0.0001244976314963,0.0001318710675303,0.0001274753652793,0.0001450581742833,0.0001693054350873,0.0001664694981511,0.000163633561215,0.0001607976242789,0.0001579616873427,IR,550.0,3798.0,4.0,sum,False,True,True,True,20.0,0.1,100.0,2026-06-25 20:02:29,0.0,0.0,0.0,0.0,0.0,0.0,0.0,0.0,0.0,0.0,0.0,0.0,0.0,0.0,0.0,0.0,0.0,0.0,0.0,0.0,0.0,0.0,0.0,0.0,0.0,0.0,0.0,0.0,0.0,0.0,0.0,0.0,0.0,0.0,0.0,0.0,0.0,0.0,0.0,0.0,0.0,0.0,0.0,0.0,0.0,1.0,0.0,0.0,0.0,0.0,0.0,0.0,0.0,0.0,0.0,0.0,0.0,0.0,0.0,0.0,0.0,0.0,0.0,0.0,0.0,0.0,0.0,0.0,0.0,0.0,0.0,0.0,0.0,0.0,0.0,0.0,0.0,0.0,0.0,0.0,0.0,0.0,0.0,0.0,0.0,0.0,0.0,0.0,0.0,0.0,0.0,0.0,0.0,0.0,0.0,0.0,0.0,0.0,0.0,0.0,0.0,0.0,0.0,0.0,0.0,0.0,0.0,0.0,0.0,0.0,0.0,0.0,0.0,0.0,0.0,1.0,1.0,1.0,1.0,1.0,1.0,1.0,0.0,0.0,0.0,0.0,0.0,0.0,0.0,0.0,0.0,0.0,0.0,0.0,0.0,0.0,0.0,0.0,0.0,0.0,0.0,0.0,0.0,0.0,0.0,0.0,0.0,0.0,0.0,0.0,0.0,0.0,0.0,0.0,0.0,0.0,0.0,0.0,0.0,0.0,0.0,0.0,0.0,0.000118871132615,0.000150446454462,0.0113664352400329,0.0001427100185002,0.0001702980130149,0.0137259347708981,0.0002408277646166,0.0003763288314252,0.0234211523744661,0.0002873201147476,0.000448361629603,0.0277601358867542,0.0002355812812848,0.0006769381466556,0.0226333290936076,0.0004142453082613,0.0019027718873004,0.0373802011615146,0.0006168786742221,0.0018778156422624,0.0574628885747616,0.0008455175818873,0.0035579664800761,0.0769698807899729,0.0020820371329074,0.0040176718574238,0.1965431913904357,0.0012630298894991,0.0047385670265896,0.1215340773981072,9.624035586471048e-05,0.0001142882585262,0.0092451544118032,8.027970278813722e-05,0.0001213781008666,0.0077497648653787,3.3435696477043154e-05,4.395702251010763e-05,0.0031941157711699,1.574512186942694e-05,3.956132025909687e-05,0.0014758215815651,9.857716790008654e-06,1.3187106753032288e-05,0.000956277934865,1.0889997834762146e-05,2.6374213506064576e-05,0.001027459951962,2.203522999377653e-05,5.274842701212915e-05,0.0021048323940001,2.6964088388780857e-05,4.395702251010763e-05,0.0026025393262919,5.494344220069841e-05,8.791404502021526e-05,0.0053355317516462,7.599176614069961e-05,0.0001416550499599,0.0072015782556236,0.0002456715449035,0.0002945120508177,0.0237365085617645,0.0004502900667196,0.0007121037646637,0.0433994773084632,0.0017999124546267,0.0040223511533684,0.170855274622916,0.0181237469589893,0.0437404987250336,1.7173390460446971,0.0112683628689075,0.0431631019648363,1.0394690105118254,0.0004631765641574,0.0005494627813763,0.044337605246937,0.000351338555144,0.0005186928656192,0.0338111745273875,0.0001482797986428,0.0002461593260566,0.0139800347203759,0.0001615803428732,0.0002417636238055,0.0154748570794131,7.816409383377977e-05,0.0001142882585262,0.0074426328951952,6.33151280361718e-05,9.230974727122602e-05,0.0060538745775694,0.0001019065578631,0.0001406624720323,0.0098835238161274,0.0001362558623315,0.0001693054350873,0.0065793736918354
C=CCl,BZHJMEDXRYGGRV-UHFFFAOYSA-N,IR,IR_NIST_gas_7_mmhg_diluted_to_a_total_pressure_of_700_mmhg_with_n2_BZHJMEDXRYGGRV-UHFFFAOYSA-N_001,NIST Chemistry WebBook,NIST Chemistry WebBook,gas_7_mmhg_diluted_to_a_total_pressure_of_700_mmhg_with_n2,,,True,False,,E:\QSPR Forge\spectra_bank\IR\processed\IR_NIST_gas_7_mmhg_diluted_to_a_total_pressure_of_700_mmhg_with_n2_BZHJMEDXRYGGRV-UHFFFAOYSA-N_001_processed.csv,8.417623511419645e-05,9.988278677611028e-05,0.0001113265903581,0.0001321230415577,0.0001405286292066,0.0001556638809523,0.0001779430706445,0.0002030420940637,0.0002245278479229,0.0002636706777818,0.0003018334423777,0.000322894521411,0.0003527395035845,0.0003838009331205,0.0004202194052912,0.0004519887383233,0.0004764966280179,0.0004523835981035,0.0005285986821377,0.0005629255758675,0.0005872185130703,0.0006160293569936,0.0006471269885574,0.0006863773507826,0.0007209283460156,0.000752692113536,0.0007948220504522,0.0008272972357379,0.0008645636696047,0.0008902211747805,0.0009131764626905,0.0009516635545398,0.0009805765207636,0.001004729910904,0.0010206748419474,0.0010191441126892,0.000982186826163,0.0008961782578674,0.0008003633280644,0.0006854226833342,0.0006306505360869,0.000634620974347,0.000686970799136,0.0007461413648304,0.0006337510900646,0.0005819969214919,0.0005874197498676,0.0007347864647546,0.0010004066421958,0.0011657144635054,0.0012110320534261,0.0012356959581298,0.0012503535271775,0.0012602025721094,0.0012693662898367,0.0012770837300871,0.0012811901086404,0.0012854689783624,0.0012937790607472,0.0012962468300026,0.0013010973445767,0.0013045260570589,0.0013085659656626,0.0013098342538701,0.0013099347585137,0.0013113035513648,0.0013140411370671,0.0013145597713096,0.0013142444835642,0.0013154099299182,0.0013140411370671,0.0013095664601589,0.0013017220014071,0.0012969541947722,0.0012868615485142,0.001274164026496,0.0012620270087248,0.0012405560966864,0.0011815782976786,0.0011460504428956,0.0011722139172464,0.001128231886717,0.0011169302169327,0.0010922137627657,0.0010771911306419,0.0010731335952714,0.0009767002527141,0.0006437554668412,0.0010023496266749,0.0009563443810983,0.0009163358117964,0.0009073188712323,0.0009277333433361,0.0009212626159031,0.0008823027141216,0.0009034032817336,0.0009431277034621,0.0009332929418836,0.0006137024884184,0.0009222834726987,0.0010188458691525,0.0010112216026314,0.0009736528319897,0.0010826466706824,0.0009949282654891,0.0010790687043433,0.001097042381957,0.0010999162369088,0.0011366324760027,0.001175341958364,0.001207734537001,0.0012223320160426,0.0012424307734746,0.0012582757059874,0.001264455687994,0.0012377905257795,0.0011561020118171,0.0010474594406848,0.0009689048816115,0.0009991769181508,0.001199473149422,0.0010811795430685,0.001075049323526,0.0010498641168025,0.0010719365629476,0.0011377110519183,0.0012221312223441,0.0012813519341752,0.0013011536074381,0.0013145458506863,0.0013181475156204,0.0013172884229008,0.0013154099299182,0.0013143335714469,0.0013154099299182,0.0013140411370671,0.0013140411370671,0.0013140411370671,0.0013152058867054,0.0013113035513648,0.0013140411370671,0.0013113035513648,0.0013099347585137,0.0013085659656626,0.0013058283799604,0.0013058069213949,0.0013091913192085,0.0013099347585137,0.0013085659656626,0.0013099347585137,0.0013094193751543,0.0013099347585137,0.0013085659656626,0.0013103346089126,0.0013113035513648,0.0013140411370671,0.0013140411370671,0.0013140411370671,0.0013172014085179,0.0013140411370671,0.0013154099299182,0.0013154099299182,0.0013154099299182,0.0013106807519864,0.0013222538941737,0.0013195163084715,0.0013182444989317,0.0013154099299182,0.0013113035513648,0.0013099347585137,0.0013113035513648,0.0013099347585137,0.0013044924107619,0.0012992610733783,0.0012962468300026,0.0012989844157048,0.0012948780371515,0.0012739450141646,0.0012128262109748,0.0011481973821634,0.001117210345728,0.0011307006287641,0.0011755648579302,0.001252445458767,0.0011903454682863,0.0010956867762286,0.0011182639767627,0.0011815632190566,0.0012394795192083,0.0012738724051791,0.001294566001658,0.001304950381474,0.0013085659656626,0.0013058283799604,0.0013058283799604,0.0013044595871093,0.00130138154293,0.0012958653091088,0.0012863999888272,0.0012688709729804,0.0012609200986603,0.0012300336316883,0.0012065085325138,0.0011937023228681,0.00122051094392,0.0012631197472663,0.001229167159797,0.0011939411580575,0.0011778914732973,0.0011947465756066,0.0012081596662663,0.0012474502956396,0.0012613529507917,0.0012853254919142,0.0012784525229382,0.0012880340728959,0.0012907716585982,0.0012843641955389,0.0012821958375815,0.0012907716585982,0.0012989844157048,0.0012998668244418,0.0012893278066223,0.0013041437258398,0.0013085659656626,0.0013061144385032,0.0013113237383218,0.001300276664236,0.0013097698135,0.0013101950591126,0.0013187292539509,0.0012968077996392,0.0013104413295848,0.0013222538941737,0.0013190849060286,0.0013047096541607,0.0013058283799604,0.0012831590760929,0.0012784525229382,0.0012778903870901,0.00124569360332,0.0012913893605921,0.0012798435778362,0.001247162491886,0.0012597851299197,0.0012800076139715,0.0012947113428205,0.0013085659656626,0.001275812949648,0.0012989844157048,0.001311208781623,0.0013107515089952,0.0013099347585137,0.0012675021801293,0.0013003532085559,0.0012883810194511,0.0012799849891944,0.0012346511517026,0.0012091585346366,0.0011008594991646,0.0009514798858086,0.0007040668386782,0.0005997034027006,0.0005379355904868,0.0006277649647144,0.0006599991649845,0.0008425672971539,0.0005278884018393,0.0004680568703048,0.0005808626136223,0.0008600268516911,0.0011016831483621,0.001203541323598,0.001256101883628,0.001265163863089,0.0012619724979183,0.0012305447731493,0.0012969908537823,0.0013058283799604,0.001304778473411,0.0012991658355093,0.0013060151490073,0.0013062717319649,0.0013073292941727,0.0012766157897722,0.0013085659656626,0.0013112322098814,0.0012935254842771,0.0012497078730648,0.0012962468300026,0.0012989844157048,0.0012948780371515,0.0012761812521093,0.0012951676983571,0.0012972321308982,0.0013003532085559,0.0012928284382185,0.0012979167627561,0.0012933555493951,0.0012989844157048,0.0013003532085559,0.0013025234433093,0.0013062789153898,0.0013003532085559,0.0013120314971171,0.0013043719980547,0.0012961300172207,0.0013035375052803,0.0012963301210476,0.0012921404514493,0.0012961462606855,0.0012866652800448,0.0013001471440634,0.0012952041082469,0.0012866652800448,0.0012880340728959,0.0012971727389764,0.0013003532085559,0.0013089537528901,0.0013017220014071,0.0013085659656626,0.0013117128335532,0.0013173287940772,0.0013133287789411,0.0012968161492756,0.0013061529481213,0.0013140411370671,0.0013154099299182,0.0013135053422686,0.0013153740812334,0.0013099574135149,0.0013113035513648,0.0013180210802247,0.0013177655252306,0.0013154099299182,0.001317130661312,0.0013193027548861,0.0013226871540685,0.0013285504767517,0.0013290978584293,0.0013318354441315,0.0013290978584293,0.0013288149344221,0.0013318354441315,0.0013290978584293,0.0013290978584293,0.0013318354441315,0.0013318354441315,0.0013318354441315,0.0013290978584293,0.0013332042369826,0.0013277468119775,0.0013290978584293,0.0013318354441315,0.0013290978584293,0.0013290978584293,0.0013278971464963,0.0013282077967715,0.0013290978584293,0.0013286942944954,0.001324991479876,0.0013236226870248,0.0012644410213786,0.0013108210566756,0.0013224939403256,0.0013290791278679,0.0013318354441315,0.0013318354441315,0.0013332042369826,0.0013341981770143,0.0013318354441315,0.0013328571097468,0.0013332042369826,0.0013345730298337,0.0013332042369826,0.0013345730298337,0.0013382571132074,0.0013345730298337,0.0013332042369826,0.0013332042369826,0.0013113035513648,0.0013310385828826,0.0013330301805993,0.0013333535873394,0.0013328260318526,0.0013326316065997,0.0013332042369826,0.0013333971112563,0.0013368726575335,0.0013324195600552,0.0013345730298337,0.001337310615536,0.001337310615536,0.0013367302573593,0.0013332119508147,0.001337310615536,0.0013318354441315,0.0013318354441315,0.0013325854677822,0.0013345730298337,0.0013332042369826,0.0013329160376478,0.0013318354441315,0.0013344974680882,0.0013345730298337,0.0013345730298337,0.0013333217326553,0.001334472899729,0.0013332570513073,0.0013332042369826,0.0013332042369826,0.0013332042369826,0.0013332042369826,0.0013332042369826,0.0013332042369826,0.0013332042369826,0.0013332042369826,0.0013332042369826,0.0013332042369826,0.0013332042369826,0.0013332042369826,0.0013332042369826,0.0013345397962277,0.0013339089921487,0.0013345730298337,0.0013361518413628,0.0013318354441315,0.0013335104181491,0.0013334507333056,0.0013327884380938,0.0013369266695519,0.0013322152480116,0.0013318354441315,0.0013318354441315,0.0013318354441315,0.0013332042369826,0.0013369008001883,0.0013354356146176,0.0013343737390698,0.0013290978584293,0.0013328869668146,0.0013318354441315,0.0013331468640303,0.0013326136254525,0.0013327494624018,0.0013332896710097,0.001335131985976,0.0013362797269945,0.001337310615536,0.0013373509492074,0.0013386794083871,0.0013386794083871,0.0013386794083871,0.0013386794083871,0.0013383977046587,0.0013386794083871,0.001341380571059,0.0013414169940893,0.0013395420693877,0.0013386794083871,0.0013370222631701,0.0013329142951745,0.0013290978584293,0.0013327721980511,0.0013345730298337,0.0013345730298337,0.0013326660570626,0.0013290978584293,0.0013290978584293,0.0013290978584293,0.0013290978584293,0.0013290978584293,0.0013290978584293,0.0013318443188368,0.0013332042369826,0.0013351969278045,0.001336649012249,0.0013345730298337,0.0013335383723211,0.0013318354441315,0.0013291958188273,0.0013318354441315,0.0013318354441315,0.0013298923134653,0.0013315072126102,0.0013333048672111,0.0013335880766115,0.0013318354441315,0.001332816138081,0.0013318354441315,0.0013318354441315,0.0013305792892441,0.00132974472803,0.0013311280029246,0.0013330598638304,0.0013329304670514,0.0013290978584293,0.0013290978584293,0.0013314925253862,0.0013279727342489,0.0013301417395525,0.0013318354441315,0.0013318354441315,0.0013316669659897,0.0013290978584293,0.0013290978584293,0.0013306382171452,0.0013318354441315,0.0013314683749526,0.0013287262530709,0.001324991479876,0.001324991479876,0.001324991479876,0.001324991479876,0.0013255843547051,0.0013283489097329,0.0013290978584293,0.0013274822645619,0.001324991479876,0.001324991479876,0.001324991479876,0.0013265907651241,0.0013277290655782,0.0013277290655782,0.0013269269269604,0.0013236226870248,0.0013280453977125,0.0013279597842358,0.0013289761642583,0.001324991479876,0.0013262900947176,0.0013241204048807,0.0013270960344732,0.0013277290655782,0.0013265807852554,0.0013290884613926,0.0013244558398954,0.001324991479876,0.001327818340438,0.0013286673258543,0.0013260843076628,0.0013275754237821,0.0013248755845959,0.0013236226870248,0.0013282801693712,0.001328419087058,0.0013257970703156,0.0013248906181847,0.0013236226870248,0.0013236226870248,0.0013236226870248,0.0013236226870248,0.0013236226870248,0.0013244209433859,0.0013277290655782,0.0013277168386992,0.0013249206852253,0.0013236226870248,0.0013236226870248,0.0013243993619893,0.0013270801208875,0.0013252407793492,0.001324991479876,0.001324991479876,0.001324991479876,0.0013249507522659,0.0013236226870248,0.0013236226870248,0.0013222538941737,0.0013222538941737,0.0013223026073568,0.0013235323116556,0.0013222538941737,0.0013179996702514,0.0013145460119301,0.0013139657951497,0.0013099347585137,0.0013085659656626,0.0013099347585137,0.0013113035513648,0.0013133519984587,0.0013140411370671,0.0013140411370671,0.0013113035513648,0.0013140411370671,0.0013140411370671,0.0013135266776428,0.0013109456263215,0.001309422561704,0.0013067881219346,0.0013045744485401,0.0013002395857458,0.0012962468300026,0.0012948780371515,0.0012921404514493,0.0012907716585982,0.0012921404514493,0.0012928641746622,0.0012955633048137,0.0012989844157048,0.0012989844157048,0.0012968202173279,0.0012995945161076,0.0012989844157048,0.001298560191077,0.0012989844157048,0.0012991959421081,0.0013017220014071,0.001305317925624,0.00130819187047,0.001308702324122,0.0013103945237133,0.0013105203801096,0.0013113035513648,0.0013140411370671,0.001313930992907,0.0013113035513648,0.0013105955480534,0.0013085659656626,0.0013058283799604,0.0013017969946929,0.0013017220014071,0.0013017220014071,0.0012993969664482,0.0012962468300026,0.0012948780371515,0.0012972506325974,0.0012997286112681,0.0013003532085559,0.0012986980450773,0.0012951609781336,0.0012805570351028,0.001265252076313,0.0012434792701674,0.0012361710128824,0.0012491210822461,0.0012582008398624,0.001264613501597,0.0012222847142574,0.0012129139168576,0.0012189483758558,0.0012272870156395,0.0012344398634693,0.0012509560369395,0.0012596497782725,0.00126525309579,0.0012625986439953,0.0012425580688282,0.0012466683508227,0.0012637316814409,0.0012752591587824,0.0012914928926613,0.0012948780371515,0.0012950789139357,0.0012962468300026,0.0012996010117141,0.0012996747255381,0.0012989844157048,0.0013002226283187,0.0013003532085559,0.0013003532085559,0.0013003532085559,0.0013003532085559,0.0013001294213276,0.0012989844157048,0.0012994669277777,0.0012962468300026,0.0012989844157048,0.0012986980231766,0.0012941701599059,0.0012907716585982,0.0012940793834803,0.0012948780371515,0.0012907794599114,0.0012880340728959,0.0012880340728959,0.0012880340728959,0.0012907716585982,0.0012887468208541,0.0012897802090851,0.0012872833817262,0.0012866652800448,0.001285591182135,0.0012852964871937,0.0012852964871937,0.0012852964871937,0.0012825589014915,0.0012784525229382,0.0012771372052649,0.0012764833741206,0.0012757149372359,0.0012720535888271,0.0012714259973049,0.0012675857222109,0.0012675021801293,0.001264764594427,0.0012633958015759,0.0012621406179839,0.0012579393586797,0.0012551830444693,0.0012538142516182,0.0012502539507827,0.0012484827563766,0.0012452409547483,0.0012407968563986,0.0012391046568074,0.001234824895043,0.0012340822983375,0.0012315694991116,0.0012279297956979,0.0012233134843182,0.0012209921626206,0.0012179266713668,0.0012163089202818,0.0012127504660848,0.0012113816732337,0.0012113816732337,0.0012126459513591,0.001215488051787,0.0012162842149397,0.0012182501731011,0.0012209632231915,0.0012213660318255,0.0012236371285439,0.0012300381421874,0.0012314522958131,0.0012342395296852,0.0012359670149767,0.0012371747211674,0.001240126323107,0.0012402053656928,0.0012458610927828,0.0012483390802137,0.0012489162237637,0.0012497078730648,0.0012497078730648,0.0012523375354734,0.0012538142516182,0.0012565470848716,0.0012593272400315,0.0012621752796516,0.0012633958015759,0.0012636879267865,0.001264764594427,0.0012633958015759,0.0012633958015759,0.0012633958015759,0.0012633958015759,0.0012683572711829,0.0012716085586826,0.0012716085586826,0.0012716085586826,0.0012716085586826,0.0012716085586826,0.0012716085586826,0.0012716085586826,0.0012667394805399,0.0012661741061279,0.0012737768935515,0.0012770837300871,0.0012730085379732,0.0012644584125762,0.0012651476880638,0.0012743306633377,0.0012734899625401,0.0012736190039805,0.0012755573474306,0.0012701337144754,0.0012679931462775,0.0012675021801293,0.0012681819615328,0.001269486050314,0.0012634954483267,0.0012718410825051,0.0012754446263812,0.0012727101453749,0.0012644037934221,0.0012483390802137,0.0012676249819274,0.0012716917885426,0.0012770837300871,0.001270778692428,0.0012625288300847,0.0012525136551751,0.0012650541637487,0.0012715765453554,0.0012683897403181,0.0012627906924763,0.0012706571239122,0.0012729773515337,0.0012716085586826,0.0012688709729804,0.0012655164644012,0.0012647230997034,0.0012688709729804,0.0012694508565966,0.0012703818615862,0.0012678418352618,0.0012532519476823,0.0012510744156205,0.0012551208574725,0.0012401182607803,0.0012405835046631,0.0012529421745296,0.0012621666153297,0.0012638588149209,0.001264764594427,0.0012626603623174,0.0012633378496242,0.0012633958015759,0.0012640084847959,0.0012675021801293,0.0012989844157048,IR,550.0,3798.0,4.0,sum,False,True,True,True,20.0,0.1,100.0,2026-06-25 20:04:59,1.0,1.0,1.0,1.0,1.0,1.0,1.0,1.0,1.0,1.0,1.0,1.0,1.0,1.0,1.0,1.0,1.0,1.0,1.0,1.0,1.0,1.0,1.0,1.0,1.0,1.0,1.0,1.0,1.0,1.0,1.0,1.0,1.0,1.0,1.0,1.0,1.0,1.0,1.0,1.0,1.0,1.0,1.0,1.0,1.0,1.0,1.0,1.0,1.0,1.0,1.0,1.0,1.0,1.0,1.0,1.0,1.0,1.0,1.0,1.0,1.0,1.0,1.0,1.0,1.0,1.0,1.0,1.0,1.0,1.0,1.0,1.0,1.0,1.0,1.0,1.0,1.0,1.0,1.0,1.0,1.0,1.0,1.0,1.0,1.0,1.0,1.0,1.0,1.0,1.0,1.0,1.0,1.0,1.0,1.0,1.0,1.0,1.0,1.0,1.0,1.0,1.0,1.0,1.0,1.0,1.0,1.0,1.0,1.0,1.0,1.0,1.0,1.0,1.0,1.0,1.0,1.0,1.0,1.0,1.0,1.0,1.0,1.0,1.0,1.0,1.0,1.0,1.0,1.0,1.0,1.0,1.0,1.0,1.0,1.0,1.0,1.0,1.0,1.0,1.0,1.0,1.0,1.0,1.0,1.0,1.0,1.0,1.0,1.0,1.0,1.0,1.0,1.0,1.0,1.0,1.0,1.0,1.0,1.0,1.0,1.0,1.0,1.0,0.0003641778575213,0.0007209283460156,0.0348075765898733,0.0008314468699742,0.0011657144635054,0.0793078738433415,0.0012909232681338,0.0013154099299182,0.1240965396095022,0.0010085681341588,0.001274164026496,0.0964639184174999,0.0011100584876732,0.001264455687994,0.1068242839031286,0.00129996893606,0.0013181475156204,0.125101601985141,0.0013119094529412,0.0013222538941737,0.1259796128838116,0.0012392272090296,0.0013085659656626,0.1187870101255985,0.0012555323493084,0.0013085659656626,0.1204142628021954,0.0012934797347462,0.0013222538941737,0.1241377757662069,0.0009919851093051,0.001311208781623,0.0940457656410939,0.0012920269220155,0.0013112322098814,0.1240807783743096,0.0013009146694121,0.0013173287940772,0.124897128225547,0.0013223237373242,0.0013318354441315,0.1269618721193286,0.0013266469535063,0.0013345730298337,0.1273318784027054,0.001333246608952,0.0013382571132074,0.1279863687758732,0.0013334931131677,0.0013345730298337,0.128013756783146,0.0013337597074337,0.0013373509492074,0.128028965162235,0.0013346427290987,0.0013414169940893,0.1281205056191354,0.0013318551104551,0.001336649012249,0.1278591717214101,0.0013280309267906,0.0013318354441315,0.1274889553460417,0.0013262889467005,0.0013290884613926,0.1273344039219582,0.0013236773631959,0.0013277290655782,0.1270913989216838,0.0013053444509207,0.0013140411370671,0.1253085446703627,0.0013044970823808,0.0013140411370671,0.1252592457466664,0.001259630154925,0.0013003532085559,0.120845796055315,0.0012959229701468,0.0013003532085559,0.1244657105513299,0.001277325359459,0.0012907716585982,0.1226461017111763,0.0012271531153199,0.0012538142516182,0.1177476067443792,0.0012532518457575,0.0012716085586826,0.1203190628667613,0.0012706846155298,0.0012770837300871,0.1219743551828611,0.0012660284520038,0.0012770837300871,0.1215552760783953,0.001261495685867,0.0012989844157048,0.0604895651187305
O=C1C=CCC1,BZKFMUIJRXWWQK-UHFFFAOYSA-N,IR,IR_NIST_gas_BZKFMUIJRXWWQK-UHFFFAOYSA-N_001,NIST Chemistry WebBook,NIST Chemistry WebBook,gas,,,True,False,,E:\QSPR Forge\spectra_bank\IR\processed\IR_NIST_gas_BZKFMUIJRXWWQK-UHFFFAOYSA-N_001_processed.csv,0.0004067100201008,0.0004115766357259,0.0004164432513511,0.0004213098669762,0.0004261764826014,0.0004310430982265,0.0004633713305935,0.0004956995629605,0.0004837068315985,0.0004677165231159,0.0004517262146333,0.0004357359061507,0.0004197455976681,0.0004037552891855,0.0003877649807029,0.0003717746722204,0.0003556105560369,0.0003663866334925,0.000362215248671,0.0003566534022422,0.0003510915558135,0.0003455297093848,0.0003399678629561,0.0003344060165273,0.0003288441700986,0.0003232823236699,0.0003879387884038,0.000253237820208,0.0002436783966587,0.0002381165502299,0.0002325547038012,0.0002269928573725,0.0002214310109438,0.000215869164515,0.0002103073180863,0.0002047454716576,0.0003448344785812,0.0015463671148877,0.0027345165582251,0.0028388011787638,0.0029430857993025,0.0030473704198411,0.0031516550403798,0.0032559396609185,0.0033602242814572,0.0034645089019959,0.0093428591540605,0.0048115185839538,0.0040368576610523,0.0039450871949783,0.0038533167289043,0.0037615462628302,0.0036697757967562,0.0035780053306821,0.0034862348646081,0.0033944643985341,0.0005172517178718,0.0005980722987893,0.0009418639311651,0.0009620256244693,0.0009821873177734,0.0010023490110776,0.0010225107043817,0.0010426723976859,0.00106283409099,0.0010829957842942,0.0012230847912178,0.0005603560276945,0.0003637795179791,0.0003603033639611,0.0003568272099431,0.0003533510559252,0.0003498749019072,0.0003463987478893,0.0003429225938713,0.0003394464398534,0.0002316856652967,0.0003448344785812,0.0004687593693213,0.0004903115242327,0.000511863679144,0.0005334158340553,0.0005549679889666,0.000576520143878,0.0005980722987893,0.0006196244537006,0.0015786953472547,0.0016217996570774,0.0013388407200157,0.0012776604092997,0.0012164800985837,0.0011552997878677,0.0010941194771516,0.0010329391664356,0.0009717588557196,0.0009105785450035,0.000382550749676,0.0007327732669851,0.0004279145596103,0.0004668474846115,0.0005057804096126,0.0005447133346137,0.0005836462596148,0.0006225791846159,0.000661512109617,0.0007004450346181,0.0015733073085269,0.0026293628991819,0.0027013192873536,0.0025386352793133,0.0023759512712729,0.0022132672632326,0.0020505832551922,0.0018878992471519,0.0017252152391115,0.0015625312310712,0.0007327732669851,0.0004041029045873,0.0003317989010139,0.0003359702858354,0.000340141670657,0.0003443130554785,0.0003484844403,0.0003526558251216,0.0003568272099431,0.0003609985947647,0.0003394464398534,0.0007435493444408,0.0008137676556035,0.0008283675024789,0.0008429673493543,0.0008575671962297,0.0008721670431051,0.0008867668899805,0.000901366736856,0.0009159665837314,0.0009644589322819,0.0008135938479026,0.000807684386072,0.0008285413101798,0.0008493982342875,0.0008702551583953,0.000891112082503,0.0009119690066107,0.0009328259307185,0.0009536828548262,0.0027802279835612,0.0082760274859498,0.0081048269005654,0.0079268478148461,0.0077488687291267,0.0075708896434074,0.007392910557688,0.0072149314719687,0.0070369523862493,0.00685897330053,0.0064117660861199,0.0013793379143249,0.001115671632063,0.0011017670159911,0.0010878623999193,0.0010739577838475,0.0010600531677757,0.0010461485517038,0.001032243935632,0.0010183393195602,0.0011584283264838,0.0011799804813951,0.0008912858902039,0.000865562350471,0.0008398388107381,0.0008141152710053,0.0007883917312724,0.0007626681915395,0.0007369446518066,0.0007112211120738,0.0004094909433152,0.0007166091508016,0.0008890263900922,0.0009105785450035,0.0009321306999149,0.0009536828548262,0.0009752350097375,0.0009967871646489,0.0010183393195602,0.0010398914744715,0.0011692044039395,0.0012931292946796,0.0017766623185773,0.0018538329377759,0.0019310035569745,0.0020081741761732,0.0020853447953718,0.0021625154145704,0.002239686033769,0.0023168566529677,0.0025108260471696,0.0015140388825207,0.000988096779604,0.0009477733929957,0.0009074500063874,0.0008671266197791,0.0008268032331708,0.0007864798465625,0.0007461564599542,0.0007058330733459,0.0003448344785812,0.0008836383513644,0.0010783029763699,0.0010935980540489,0.0011088931317279,0.0011241882094069,0.001139483287086,0.001154778364765,0.001170073442444,0.001185368520123,0.0013254575270466,0.0019558580582029,0.0017464197786211,0.0016970583915661,0.0016476970045111,0.0015983356174562,0.0015489742304012,0.0014996128433462,0.0014502514562912,0.0014008900692362,0.0013362336045023,0.0003717746722204,0.0003284965546968,0.0003354488627327,0.0003424011707686,0.0003493534788045,0.0003563057868404,0.0003632580948764,0.0003702104029123,0.0003771627109482,0.0004364311369543,0.0002963421300307,0.0002330761269039,0.0002205619724393,0.0002080478179746,0.00019553366351,0.0001830195090453,0.0001705053545807,0.0001579912001161,0.0001454770456514,0.0001939693942019,0.0004256550594987,0.0004041029045873,0.0004256550594987,0.00044720721441,0.0004687593693213,0.0004903115242327,0.000511863679144,0.0005334158340553,0.0005549679889666,0.001697232199267,0.001600247502166,0.0016402232733725,0.0016144997336396,0.0015887761939068,0.0015630526541739,0.001537329114441,0.0015116055747081,0.0014858820349753,0.0014601584952424,0.0007058330733459,0.0007651014993521,0.0008577410039306,0.0008375793106265,0.0008174176173223,0.0007972559240182,0.000777094230714,0.0007569325374099,0.0007367708441057,0.0007166091508016,0.0005334158340553,0.0008890263900922,0.0011127169011477,0.0011307929020411,0.0011488689029344,0.0011669449038278,0.0011850209047212,0.0012030969056145,0.0012211729065079,0.0012392489074013,0.0027155715188272,0.0202590256166479,0.0311590279630519,0.0323012921733523,0.0334435563836526,0.034585820593953,0.0357280848042534,0.0368703490145537,0.0380126132248541,0.0391548774351545,0.0538803872783191,0.0176997072209278,0.0067506911028706,0.0061896398443725,0.0056285885858744,0.0050675373273763,0.0045064860688782,0.0039454348103801,0.003384383551882,0.0028233322933839,0.0008674742351809,0.0008674742351809,0.0007496326139722,0.0007433755367399,0.0007371184595075,0.0007308613822752,0.0007246043050429,0.0007183472278106,0.0007120901505783,0.0007058330733459,0.0004094909433152,0.0003125062462142,0.0003709056337159,0.0003625628640728,0.0003542200944297,0.0003458773247866,0.0003375345551435,0.0003291917855004,0.0003208490158573,0.0003125062462142,0.0002747899751194,0.0002262976265689,0.0001981407790234,0.0002037026254522,0.0002092644718809,0.0002148263183096,0.0002203881647384,0.0002259500111671,0.0002315118575958,0.0002370737040246,0.0005010876016883,0.0006519526860676,0.0005885128752399,0.0005829510288112,0.0005773891823825,0.0005718273359537,0.000566265489525,0.0005607036430963,0.0005551417966675,0.0005495799502388,0.0002478497814802,0.0002694019363915,0.0002796565907445,0.0002789613599409,0.0002782661291373,0.0002775708983337,0.0002768756675302,0.0002761804367266,0.000275485205923,0.0002747899751194,0.0001508650843792,0.0001023727358288,8.290627332825235e-05,8.56871965426172e-05,8.846811975698206e-05,9.124904297134692e-05,9.40299661857118e-05,9.681088940007663e-05,9.95918126144415e-05,0.0001023727358288,8.08205809174787e-05,7.004450346181488e-05,6.58731186402676e-05,6.031127221153787e-05,5.474942578280815e-05,4.918757935407843e-05,4.3625732925348725e-05,3.8063886496619e-05,3.250204006788928e-05,2.6940193639159567e-05,9.698469710097444e-05,3.771627109482339e-05,1.772838549157597e-05,1.9814077902349617e-05,2.189977031312326e-05,2.3985462723896903e-05,2.607115513467055e-05,2.81568475454442e-05,3.024253995621784e-05,3.232823236699148e-05,9.698469710097444e-05,0.0001185368520123,0.0001234034676374,0.0001227082368338,0.0001220130060302,0.0001213177752266,0.000120622544423,0.0001199273136194,0.0001192320828158,0.0001185368520123,0.0001347009681957,0.0001939693942019,0.0002047454716576,0.0002047454716576,0.0002047454716576,0.0002047454716576,0.0002047454716576,0.0002047454716576,0.0002047454716576,0.0002047454716576,0.0002209095878411,0.0001993574329297,0.0001977931636217,0.0001957074712109,0.0001936217788001,0.0001915360863893,0.0001894503939786,0.0001873647015678,0.000185279009157,0.0001831933167462,0.0001724172392906,0.0001562531231071,0.0001830195090453,0.0001899718170812,0.0001969241251172,0.0002038764331531,0.000210828741189,0.0002177810492249,0.0002247333572608,0.0002316856652967,0.0003448344785812,0.0003879387884038,0.0003594343254566,0.0003573486330458,0.0003552629406351,0.0003531772482243,0.0003510915558135,0.0003490058634027,0.000346920170992,0.0003448344785812,0.0001454770456514,9.698469710097444e-05,0.0001119321593781,0.0001174940058069,0.0001230558522356,0.0001286176986643,0.0001341795450931,0.0001397413915218,0.0001453032379505,0.0001508650843792,0.0003771627109482,0.0002155215491132,0.0005094303713314,0.0005205540641889,0.0005316777570463,0.0005428014499038,0.0005539251427613,0.0005650488356187,0.0005761725284762,0.0005872962213336,0.0003394464398534,0.0001454770456514,0.00016650777746,0.0001658125466565,0.0001651173158529,0.0001644220850493,0.0001637268542457,0.0001630316234421,0.0001623363926385,0.0001616411618349,0.0001400890069236,0.0001239248907401,0.0001298343525706,0.0001305295833742,0.0001312248141778,0.0001319200449814,0.000132615275785,0.0001333105065886,0.0001340057373922,0.0001347009681957,0.0001239248907401,0.0001347009681957,0.0001249677369455,0.0001263581985527,0.0001277486601598,0.000129139121767,0.0001305295833742,0.0001319200449814,0.0001333105065886,0.0001347009681957,0.0001831933167462,0.0001454770456514,0.0001380033145128,0.0001352223912984,0.0001324414680841,0.0001296605448697,0.0001268796216553,0.000124098698441,0.0001213177752266,0.0001185368520123,0.0001400890069236,0.0001239248907401,7.265161897528194e-05,7.6127772993238e-05,7.960392701119407e-05,8.308008102915016e-05,8.655623504710621e-05,9.003238906506231e-05,9.350854308301838e-05,9.698469710097444e-05,0.0001077607745566,0.0001347009681957,0.0001924051248938,0.000190319432483,0.0001882337400723,0.0001861480476615,0.0001840623552507,0.00018197666284,0.0001798909704292,0.0001778052780184,0.0002209095878411,0.0002047454716576,0.0002337713577075,0.0002365522809219,0.0002393332041362,0.0002421141273506,0.000244895050565,0.0002476759737793,0.0002504568969937,0.000253237820208,5.3880387278319134e-05,0.0001185368520123,0.0001477365457631,0.0001435651609415,0.00013939377612,0.0001352223912984,0.0001310510064769,0.0001268796216553,0.0001227082368338,0.0001185368520123,0.0001454770456514,0.0001185368520123,0.0001077607745566,0.0001077607745566,0.0001077607745566,0.0001077607745566,0.0001077607745566,0.0001077607745566,0.0001077607745566,0.0001077607745566,0.0001131488132844,0.0001293129294679,0.0001572959693125,0.0001586864309196,0.0001600768925268,0.000161467354134,0.0001628578157412,0.0001642482773484,0.0001656387389556,0.0001670292005627,0.0001347009681957,0.0002209095878411,0.000268706705588,0.0002749637828203,0.0002812208600526,0.0002874779372849,0.0002937350145172,0.0002999920917496,0.0003062491689819,0.0003125062462142,0.0003556105560369,0.0009051905062757,0.0010127774731315,0.000998177626256,0.0009835777793806,0.0009689779325052,0.0009543780856298,0.0009397782387544,0.000925178391879,0.0009105785450035,0.001535591037432,0.0013146814495909,0.0011718115194529,0.0011752876734709,0.0011787638274889,0.0011822399815068,0.0011857161355248,0.0011891922895427,0.0011926684435607,0.0011961445975786,0.0008566981577252,0.0033190318563444,0.0039619465419654,0.0039786320812516,0.0039953176205378,0.004012003159824,0.0040286886991101,0.0040453742383963,0.0040620597776825,0.0040787453169687,0.0045798329186571,0.0026078107442706,0.0022315170718269,0.002175203376736,0.0021188896816451,0.0020625759865542,0.0020062622914633,0.0019499485963724,0.0018936349012815,0.0018373212061906,0.0011153240166612,0.0007004450346181,0.0004706712540312,0.0004588523303702,0.0004470334067091,0.0004352144830481,0.000423395559387,0.0004115766357259,0.0003997577120649,0.0003879387884038,0.0003663866334925,0.0007543254218964,0.0011168882859692,0.0011620782882027,0.0012072682904361,0.0012524582926695,0.001297648294903,0.0013428382971364,0.0013880282993698,0.0014332183016032,0.0018211570900071,0.0014493824177867,0.0011217549015944,0.0011015932082902,0.0010814315149861,0.0010612698216819,0.0010411081283778,0.0010209464350736,0.0010007847417695,0.0009806230484654,0.0006411766086119,0.000253237820208,0.0001392199684191,0.0001524293536873,0.0001656387389556,0.0001788481242238,0.000192057509492,0.0002052668947603,0.0002184762800285,0.0002316856652967,0.0001562531231071,0.0001778052780184,0.0003832459804796,0.000355436748336,0.0003276275161923,0.0002998182840487,0.000272009051905,0.0002441998197614,0.0002163905876177,0.0001885813554741,0.000253237820208,0.0002316856652967,0.0003323203241166,0.0003156347848304,0.0002989492455442,0.000282263706258,0.0002655781669718,0.0002488926276856,0.0002322070883994,0.0002155215491132,0.0001616411618349,0.0002209095878411,0.0001477365457631,0.0001435651609415,0.00013939377612,0.0001352223912984,0.0001310510064769,0.0001268796216553,0.0001227082368338,0.0001185368520123,0.0001993574329297,0.0001293129294679,5.7704156698070814e-05,5.561846428729717e-05,5.353277187652353e-05,5.144707946574989e-05,4.936138705497624e-05,4.727569464420259e-05,4.519000223342895e-05,4.310430982265531e-05,0.0001400890069236,0.0001562531231071,0.0001532983921918,0.0001421746993344,0.0001310510064769,0.0001199273136194,0.000108803620762,9.767992790456564e-05,8.655623504710621e-05,7.543254218964678e-05,7.004450346181488e-05,0.0002101335103854,0.000168245854469,0.0001626840080403,0.0001571221616116,0.0001515603151828,0.0001459984687541,0.0001404366223254,0.0001348747758966,0.0001293129294679,0.0002047454716576,0.0001131488132844,0.0001854528168579,0.0001812814320364,0.0001771100472148,0.0001729386623933,0.0001687672775717,0.0001645958927502,0.0001604245079286,0.0001562531231071,0.0002101335103854,0.0006735048409789,0.0007711847688835,0.0007433755367399,0.0007155663045962,0.0006877570724526,0.0006599478403089,0.0006321386081653,0.0006043293760216,0.000576520143878,0.0010668316681107,0.0008297579640861,0.0004174860975565,0.0003994100966631,0.0003813340957697,0.0003632580948764,0.000345182093983,0.0003271060930896,0.0003090300921962,0.0002909540913029,0.0001239248907401,0.0003394464398534,0.0003059015535801,0.0002899112450975,0.0002739209366149,0.0002579306281323,0.0002419403196497,0.0002259500111671,0.0002099597026845,0.0001939693942019,0.0003286703623977,0.000253237820208,0.0003215442466609,0.000326410862286,0.0003312774779112,0.0003361440935363,0.0003410107091614,0.0003458773247866,0.0003507439404117,0.0003556105560369,0.0003556105560369,0.0004579832918657,0.0004105337895206,0.0004119242511277,0.0004133147127349,0.0004147051743421,0.0004160956359493,0.0004174860975565,0.0004188765591637,0.0004202670207708,0.0003286703623977,0.0003556105560369,0.0003613462101665,0.000368993749006,0.0003766412878455,0.000384288826685,0.0003919363655245,0.000399583904364,0.0004072314432035,0.000414878982043,0.000479535446777,0.0003340584011255,0.0002057883178629,0.0002502830892928,0.0002947778607226,0.0003392726321525,0.0003837674035823,0.0004282621750121,0.000472756946442,0.0005172517178718,0.0002963421300307,0.0004687593693213,0.0003288441700986,0.0003003397071514,0.0002718352442041,0.0002433307812569,0.0002148263183096,0.0001863218553624,0.0001578173924152,0.0001293129294679,0.0004687593693213,0.0002478497814802,0.0001656387389556,0.0001781528934202,0.0001906670478848,0.0002031812023495,0.0002156953568141,0.0002282095112788,0.0002407236657434,0.000253237820208,0.0005495799502388,0.0003771627109482,0.0004016695967748,0.0004127932896322,0.0004239169824897,0.0004350406753472,0.0004461643682046,IR,550.0,3798.0,4.0,sum,False,True,True,True,20.0,0.1,100.0,2026-06-25 21:15:23,0.0,0.0,0.0,0.0,0.0,0.0,0.0,0.0,0.0,1.0,0.0,0.0,0.0,0.0,0.0,0.0,0.0,0.0,0.0,0.0,0.0,0.0,0.0,0.0,0.0,0.0,0.0,0.0,0.0,1.0,1.0,1.0,0.0,0.0,0.0,0.0,0.0,0.0,0.0,0.0,0.0,0.0,0.0,0.0,0.0,0.0,0.0,0.0,0.0,0.0,0.0,0.0,0.0,0.0,0.0,0.0,0.0,1.0,1.0,1.0,1.0,0.0,0.0,0.0,0.0,0.0,0.0,0.0,0.0,0.0,0.0,0.0,0.0,0.0,0.0,0.0,0.0,0.0,0.0,0.0,0.0,0.0,0.0,0.0,0.0,0.0,0.0,0.0,0.0,0.0,0.0,0.0,0.0,0.0,0.0,0.0,0.0,0.0,0.0,0.0,0.0,0.0,0.0,0.0,0.0,0.0,0.0,0.0,0.0,0.0,0.0,0.0,0.0,0.0,0.0,0.0,0.0,0.0,0.0,0.0,0.0,0.0,0.0,0.0,0.0,0.0,0.0,0.0,0.0,0.0,0.0,0.0,0.0,0.0,0.0,0.0,0.0,0.0,0.0,0.0,0.0,0.0,0.0,0.0,0.0,0.0,0.0,0.0,0.0,0.0,0.0,0.0,0.0,0.0,0.0,0.0,0.0,0.0,0.0,0.0,0.0,0.0,0.0,0.0004013984567614,0.0004956995629605,0.0386687372957433,0.0020632712173578,0.0093428591540605,0.1977903826984862,0.0014086001788481,0.0038533167289043,0.132467539239261,0.0007791104000444,0.0016217996570774,0.0762984521555196,0.0011369526469609,0.0027013192873536,0.1119700494569812,0.0017709753306039,0.0082760274859498,0.1605218402411755,0.0027275155840329,0.0077488687291267,0.2557799316414312,0.0013740054940614,0.0025108260471696,0.1340825603960034,0.0011837069185024,0.0019558580582029,0.1136552889248863,0.0003851161513413,0.0014008900692362,0.0348585248766617,0.0010302903370739,0.001697232199267,0.1006610775903647,0.0160119023513574,0.0538803872783191,1.5873777371453994,0.0014422284928178,0.0056285885858744,0.1323239740783194,0.0003734293215329,0.0006519526860676,0.0361599969409844,0.0001259480123785,0.0002782661291373,0.0119732648994478,9.133247066777788e-05,0.0002047454716576,0.0086698757361842,0.0001971396466663,0.0002247333572608,0.0188550070087955,0.0002679141424719,0.0005205540641889,0.0252869347882196,0.0002536758156143,0.0005872962213336,0.024036214572559,0.0001279850386331,0.0001831933167462,0.0123768463809325,0.0001749409271076,0.0002504568969937,0.0168339710627558,0.000127011715508,0.000253237820208,0.0118773230485523,0.0004682170892945,0.0010127774731315,0.0446511983606457,0.002446621482458,0.0045798329186571,0.2384905844023231,0.0010802704795441,0.0021188896816451,0.1010132119923837,0.0006625619081304,0.0018211570900071,0.0626788807131677,0.0002221610032875,0.0003323203241166,0.0213154288227048,0.0001069125929762,0.0002101335103854,0.0101288175775204,0.0003296784470629,0.0007711847688835,0.0314449416310288,0.0003599835577914,0.0010668316681107,0.0341924937668213,0.0003828705558457,0.0004579832918657,0.0368100377423422,0.0003111505461472,0.0005172517178718,0.0299289908637982,0.0003367724752242,0.0005495799502388,0.01623850587948
COC(C)(C)C,BZLVMXJERCGZMT-UHFFFAOYSA-N,IR,IR_NIST_gas_BZLVMXJERCGZMT-UHFFFAOYSA-N_001,NIST Chemistry WebBook,NIST Chemistry WebBook,gas,,,True,False,,E:\QSPR Forge\spectra_bank\IR\processed\IR_NIST_gas_BZLVMXJERCGZMT-UHFFFAOYSA-N_001_processed.csv,0.0002152019943149,0.0002086165780954,0.0002020311618759,0.0001954457456564,0.000188860329437,0.0001822749132175,0.000332955508144,0.0003280948437915,0.0003227637925662,0.0003221366100691,0.0003215094275721,0.000320882245075,0.0003202550625779,0.0003196278800808,0.0003190006975837,0.0003183735150866,0.0002770578680906,0.0003208038472628,0.000342128052164,0.0003349154534474,0.0003277028547308,0.0003204902560143,0.0003132776572977,0.0003060650585811,0.0002988524598646,0.000291639861148,0.0002770578680906,0.000301361189853,0.0003102985404365,0.0003124936791763,0.0003146888179162,0.000316883956656,0.0003190790953958,0.0003212742341356,0.0003234693728755,0.0003256645116153,0.0006367470301732,0.001205444759412,0.0011681274008349,0.0011248518085356,0.0010815762162362,0.0010383006239368,0.0009950250316374,0.000951749439338,0.0009084738470386,0.0008651982547392,0.0004836361030705,0.0003378161724965,0.0003215094275721,0.0003224502013177,0.0003233909750633,0.000324331748809,0.0003252725225546,0.0003262132963002,0.0003271540700459,0.0003280948437915,0.0002867791967955,0.0003183735150866,0.0003357778293809,0.0003395409243635,0.000343304019346,0.0003470671143286,0.0003508302093111,0.0003545933042937,0.0003583563992762,0.0003621194942588,0.0007436816459275,0.0021265406542046,0.0024863082140994,0.0025512216025484,0.0026161349909975,0.0026810483794466,0.0027459617678957,0.0028108751563448,0.0028757885447939,0.002940701933243,0.0020852250072086,0.0004374597917221,0.0004525121716523,0.0004531393541494,0.0004537665366465,0.0004543937191436,0.0004550209016406,0.0004556480841377,0.0004562752666348,0.0004569024491319,0.0003402465046727,0.0003062218542054,0.0003001852226709,0.0002986172664282,0.0002970493101854,0.0002954813539427,0.0002939133977,0.0002923454414572,0.0002907774852145,0.0002892095289718,0.0002892095289718,0.000301361189853,0.0003139832376069,0.000314610420104,0.0003152376026011,0.0003158647850982,0.0003164919675953,0.0003171191500924,0.0003177463325895,0.0003183735150866,0.0003937138125498,0.0006537593554069,0.000812279731547,0.0008292136589685,0.00084614758639,0.0008630815138115,0.000880015441233,0.0008969493686545,0.000913883296076,0.0009308172234975,0.0011519774515348,0.0008481859295056,0.000848421122942,0.0008584560428955,0.000868490962849,0.0008785258828024,0.0008885608027559,0.0008985957227094,0.0009086306426629,0.0009186655626164,0.0031813048186901,0.0104917440048017,0.0120139159252454,0.0121769833744895,0.0123400508237336,0.0125031182729777,0.0126661857222218,0.0128292531714658,0.0129923206207099,0.013155388069954,0.009466143826431,0.0016429045511341,0.0012970918017996,0.0012767083706441,0.0012563249394886,0.0012359415083331,0.0012155580771776,0.0011951746460221,0.0011747912148666,0.001154407783711,0.0010960798114814,0.0014727812987977,0.001662974391041,0.0016962150633869,0.0017294557357328,0.0017626964080788,0.0017959370804247,0.0018291777527706,0.0018624184251165,0.0018956590974624,0.0049530169751646,0.0109899621009296,0.0127502281768322,0.0127706116079877,0.0127909950391432,0.0128113784702987,0.0128317619014542,0.0128521453326097,0.0128725287637652,0.0128929121949207,0.0078135179465919,0.0044353562216268,0.0041093781187629,0.0040733151251801,0.0040372521315973,0.0040011891380144,0.0039651261444316,0.0039290631508488,0.003893000157266,0.0038569371636831,0.0023063852352459,0.0008336039364482,0.0006454491873204,0.0006278880774018,0.0006103269674832,0.0005927658575646,0.000575204747646,0.0005576436377274,0.0005400825278088,0.0005225214178902,0.0003475375012014,0.0003596891620826,0.0003636874505015,0.0003690185017268,0.0003743495529521,0.0003796806041774,0.0003850116554027,0.000390342706628,0.0003956737578533,0.0004010048090785,0.0015821462467282,0.0045738851556721,0.0068127698746685,0.0070046877187788,0.0071966055628892,0.0073885234069995,0.0075804412511099,0.0077723590952202,0.0079642769393305,0.0081561947834409,0.0042846756267003,0.001798445810413,0.0013639651355521,0.0013031284333341,0.0012422917311162,0.0011814550288982,0.0011206183266802,0.0010597816244622,0.0009989449222442,0.0009381082200262,0.000602722379706,0.0009308172234975,0.0011118377717209,0.0011425697140784,0.001173301656436,0.0012040335987935,0.001234765541151,0.0012654974835086,0.0012962294258661,0.0013269613682237,0.0022796515813073,0.0021143889933234,0.0020082383556905,0.0019671579021309,0.0019260774485714,0.0018849969950118,0.0018439165414522,0.0018028360878927,0.0017617556343331,0.0017206751807735,0.0007874276250997,0.0005079394248328,0.0004287576345749,0.0004268760870836,0.0004249945395923,0.0004231129921011,0.0004212314446098,0.0004193498971185,0.0004174683496272,0.0004155868021359,0.0004374597917221,0.0004860664352467,0.0004191147036821,0.0004238185724103,0.0004285224411385,0.0004332263098667,0.0004379301785949,0.0004426340473231,0.0004473379160513,0.0004520417847795,0.0003378161724965,0.0002430332176233,0.000252597750704,0.00024914824697,0.000245698743236,0.000242249239502,0.000238799735768,0.000235350232034,0.0002319007282999,0.0002284512245659,0.0002819185324431,0.000250324214152,0.0002998716314224,0.0003011259964165,0.0003023803614107,0.0003036347264049,0.0003048890913991,0.0003061434563933,0.0003073978213875,0.0003086521863817,0.0002624758750332,0.0003135128507341,0.0003672153520477,0.0003578076145913,0.0003483998771349,0.0003389921396785,0.0003295844022221,0.0003201766647657,0.0003107689273093,0.000301361189853,0.0003280948437915,0.0002454635497996,0.0002253937098926,0.0002310383523664,0.0002366829948403,0.0002423276373141,0.0002479722797879,0.0002536169222618,0.0002592615647356,0.0002649062072094,0.0002867791967955,0.0002235905602135,0.0001965433150263,0.0001993656362633,0.0002021879575002,0.0002050102787371,0.000207832599974,0.0002106549212109,0.0002134772424478,0.0002162995636848,0.0002041479028036,0.0002721972037381,0.0002488346557214,0.0002500890207156,0.0002513433857098,0.000252597750704,0.0002538521156982,0.0002551064806924,0.0002563608456866,0.0002576152106807,0.0002381725532709,0.0001822749132175,0.0001913690594253,0.0001872923731942,0.0001832156869631,0.000179139000732,0.0001750623145009,0.0001709856282698,0.0001669089420387,0.0001628322558076,0.0001701232523363,0.0001506805949265,0.0001664385551659,0.0001680065114086,0.0001695744676514,0.0001711424238941,0.0001727103801368,0.0001742783363796,0.0001758462926223,0.000177414248865,0.0001992872384511,0.000291639861148,0.0002959517408155,0.0002984604708039,0.0003009692007923,0.0003034779307806,0.000305986660769,0.0003084953907574,0.0003110041207458,0.0003135128507341,0.0003159431829104,0.00018713557757,0.0001560900439639,0.0001535813139755,0.0001510725839871,0.0001485638539988,0.0001460551240104,0.000143546394022,0.0001410376640337,0.0001385289340453,0.0001142256122829,9.721328704935566e-05,0.0001011331776561,9.987881266199928e-05,9.862444766781404e-05,9.73700826736288e-05,9.611571767944358e-05,9.486135268525834e-05,9.36069876910731e-05,9.235262269688788e-05,0.0001190862766354,0.0001604019236314,0.000171064026082,0.0001723183910761,0.0001735727560703,0.0001748271210645,0.0001760814860587,0.0001773358510529,0.0001785902160471,0.0001798445810413,0.0001701232523363,0.0001604019236314,0.000169339274215,0.0001715344129548,0.0001737295516946,0.0001759246904344,0.0001781198291743,0.0001803149679141,0.0001825101066539,0.0001847052453937,0.0001506805949265,0.0001409592662215,0.0001365689887419,0.000137196171239,0.0001378233537361,0.0001384505362331,0.0001390777187302,0.0001397049012273,0.0001403320837244,0.0001409592662215,0.00018713557757,0.0002819185324431,0.0002998716314224,0.0003011259964165,0.0003023803614107,0.0003036347264049,0.0003048890913991,0.0003061434563933,0.0003073978213875,0.0003086521863817,0.0002357422210946,0.0001020739514018,9.454776143671204e-05,9.423417018816572e-05,9.392057893961942e-05,9.36069876910731e-05,9.32933964425268e-05,9.29798051939805e-05,9.26662139454342e-05,9.235262269688788e-05,8.506162616818621e-05,8.020096181571842e-05,8.239610055554259e-05,8.208250930699627e-05,8.176891805844997e-05,8.145532680990365e-05,8.114173556135735e-05,8.082814431281103e-05,8.051455306426474e-05,8.020096181571842e-05,9.478295487312176e-05,0.0001117952801067,0.0001156367729014,0.0001175183203927,0.000119399867884,0.0001212814153752,0.0001231629628665,0.0001250445103578,0.0001269260578491,0.0001288076053403,0.0001701232523363,0.0002114388993323,0.0001850188366423,0.0001821965154054,0.0001793741941684,0.0001765518729315,0.0001737295516946,0.0001709072304577,0.0001680849092208,0.0001652625879839,9.721328704935563e-06,0.0001142256122829,4.703868728194629e-07,1.09756936991208e-06,1.7247518670046972e-06,2.3519343640973144e-06,2.9791168611899315e-06,3.6062993582825487e-06,4.233481855375165e-06,4.860664352467783e-06,4.860664352467783e-06,6.318863658208118e-05,6.248305627285198e-05,6.154228252721307e-05,6.060150878157413e-05,5.96607350359352e-05,5.871996129029628e-05,5.777918754465735e-05,5.683841379901843e-05,5.58976400533795e-05,2.91639861148067e-05,1.2151660881169456e-05,1.2386854317579189e-05,1.2700445566125496e-05,1.3014036814671806e-05,1.3327628063218117e-05,1.3641219311764425e-05,1.3954810560310732e-05,1.426840180885704e-05,1.458199305740335e-05,1.458199305740335e-05,9.721328704935563e-06,9.721328704935563e-06,9.721328704935563e-06,9.721328704935563e-06,9.721328704935563e-06,9.721328704935563e-06,9.721328704935563e-06,9.721328704935563e-06,9.721328704935563e-06,4.860664352467783e-06,9.721328704935563e-06,9.250941832116104e-06,8.623759335023486e-06,7.996576837930868e-06,7.369394340838251e-06,6.742211843745635e-06,6.115029346653017e-06,5.4878468495604e-06,4.860664352467783e-06,2.4303321762338915e-05,4.131564699597616e-05,4.2491614178024814e-05,4.405957042075636e-05,4.5627526663487895e-05,4.719548290621944e-05,4.876343914895098e-05,5.0331395391682526e-05,5.189935163441407e-05,5.3467307877145614e-05,8.020096181571842e-05,8.749195834442009e-05,9.282300956970736e-05,9.345019206679996e-05,9.407737456389256e-05,9.47045570609852e-05,9.53317395580778e-05,9.595892205517042e-05,9.658610455226305e-05,9.721328704935566e-05,0.0001020739514018,8.020096181571842e-05,8.169052024631338e-05,8.043615525212814e-05,7.91817902579429e-05,7.792742526375768e-05,7.667306026957244e-05,7.54186952753872e-05,7.416433028120198e-05,7.290996528701674e-05,9.964361922558955e-05,9.235262269688788e-05,8.945190364783452e-05,8.882472115074191e-05,8.819753865364928e-05,8.757035615655667e-05,8.694317365946406e-05,8.631599116237143e-05,8.568880866527882e-05,8.506162616818621e-05,9.721328704935566e-05,0.0001676929201601,0.0001934074025409,0.0001952889500322,0.0001971704975234,0.0001990520450147,0.000200933592506,0.0002028151399973,0.0002046966874886,0.0002065782349798,0.0002211602280372,0.0002260208923897,0.0002349582429733,0.0002371533817131,0.0002393485204529,0.0002415436591927,0.0002437387979326,0.0002459339366724,0.0002481290754122,0.000250324214152,0.0003523981655539,0.0007169479919889,0.0009777775129673,0.0010241890177522,0.001070600522537,0.0011170120273219,0.0011634235321068,0.0012098350368916,0.0012562465416765,0.0013026580464613,0.0034146167076086,0.0035288423198916,0.0031745626068464,0.0031428898907432,0.00311121717464,0.0030795444585368,0.0030478717424337,0.0030161990263305,0.0029845263102273,0.0029528535941241,0.0023258278926558,0.0040270604160195,0.0045785106265882,0.0046462463362742,0.0047139820459602,0.0047817177556462,0.0048494534653322,0.0049171891750182,0.0049849248847042,0.0050526605943902,0.0071621889233612,0.0081732071086745,0.00845300890019,0.0084987932224777,0.0085445775447655,0.0085903618670533,0.008636146189341,0.0086819305116288,0.0087277148339165,0.0087734991562043,0.0096362670787673,0.0125648173511292,0.0155397791282759,0.0158414539093774,0.016143128690479,0.0164448034715805,0.0167464782526821,0.0170481530337836,0.0173498278148852,0.0176515025959867,0.0243033217623389,0.0090432660277663,0.0054935698898463,0.005200048481207,0.0049065270725676,0.0046130056639283,0.0043194842552889,0.0040259628466496,0.0037324414380103,0.0034389200293709,0.0009478295487312,0.0006245953692921,0.0005629746889527,0.0005585844114731,0.0005541941339934,0.0005498038565138,0.0005454135790341,0.0005410233015545,0.0005366330240748,0.0005322427465952,0.0004641934456606,0.0004204474664884,0.0004083742034194,0.0004052382909339,0.0004021023784485,0.000398966465963,0.0003958305534775,0.0003926946409921,0.0003895587285066,0.0003864228160211,0.0002989308576767,0.0002357422210946,0.0002211602280372,0.0002211602280372,0.0002211602280372,0.0002211602280372,0.0002211602280372,0.0002211602280372,0.0002211602280372,0.0002211602280372,0.0001919962419224,0.0001992872384511,0.0001876059644428,0.0001882331469399,0.000188860329437,0.0001894875119341,0.0001901146944311,0.0001907418769282,0.0001913690594253,0.0001919962419224,0.0001968569062749,0.0001968569062749,0.0001803149679141,0.0001809421504112,0.0001815693329083,0.0001821965154054,0.0001828236979024,0.0001834508803995,0.0001840780628966,0.0001847052453937,0.0001968569062749,0.0001895659097462,0.0001635378361168,0.0001644786098625,0.0001654193836081,0.0001663601573538,0.0001673009310994,0.000168241704845,0.0001691824785907,0.0001701232523363,9.478295487312176e-05,7.777062963948452e-05,7.831941432444057e-05,7.58106843360701e-05,7.330195434769963e-05,7.079322435932915e-05,6.828449437095869e-05,6.577576438258822e-05,6.326703439421776e-05,6.075830440584729e-05,9.721328704935566e-05,0.0001433895983977,0.0001593043542615,0.0001546004855333,0.0001498966168051,0.0001451927480769,0.0001404888793487,0.0001357850106205,0.0001310811418923,0.0001263772731641,0.0001263772731641,9.721328704935566e-05,0.0001127360538523,0.0001139904188465,0.0001152447838407,0.0001164991488349,0.0001177535138291,0.0001190078788233,0.0001202622438175,0.0001215166088116,0.0001531109271027,0.0001142256122829,0.0001341386565656,0.0001347658390627,0.0001353930215598,0.0001360202040569,0.000136647386554,0.0001372745690511,0.0001379017515482,0.0001385289340453,0.000145819930574,0.0001288076053403,0.0001353146237477,0.0001375097624875,0.0001397049012273,0.0001419000399672,0.000144095178707,0.0001462903174468,0.0001484854561866,0.0001506805949265,0.0001117952801067,0.0001385289340453,0.0001139120210344,0.0001167343422713,0.0001195566635082,0.0001223789847451,0.0001252013059821,0.000128023627219,0.0001308459484559,0.0001336682696928,0.0001312379375166,0.0001190862766354,0.000109678539179,0.0001068562179421,0.0001040338967052,0.0001012115754683,9.838925423140432e-05,9.556693299448754e-05,9.274461175757075e-05,8.992229052065399e-05,0.0001142256122829,0.0001117952801067,9.039267739347344e-05,9.101985989056606e-05,9.164704238765868e-05,9.22742248847513e-05,9.290140738184391e-05,9.352858987893654e-05,9.415577237602916e-05,9.478295487312176e-05,0.0001288076053403,8.749195834442009e-05,0.0001063858310693,9.917323235277007e-05,9.196063363620498e-05,8.47480349196399e-05,7.75354362030748e-05,7.032283748650969e-05,6.311023876994461e-05,5.58976400533795e-05,0.0001288076053403,5.103697570091172e-05,9.047107520561004e-05,8.796234521723956e-05,8.54536152288691e-05,8.29448852404986e-05,8.043615525212814e-05,7.792742526375768e-05,7.54186952753872e-05,7.290996528701674e-05,6.804930093454897e-05,4.860664352467783e-06,6.993084842582682e-05,7.243957841419728e-05,7.494830840256775e-05,7.745703839093822e-05,7.996576837930869e-05,8.247449836767917e-05,8.498322835604963e-05,8.749195834442009e-05,4.860664352467783e-05,8.992229052065399e-05,1.458199305740335e-05,2.4303321762338915e-05,3.402465046727448e-05,4.3745979172210045e-05,5.3467307877145614e-05,6.318863658208118e-05,7.290996528701674e-05,8.263129399195231e-05,0.0001020739514018,4.860664352467783e-06,3.112393141822113e-05,3.049674892112851e-05,2.986956642403589e-05,2.9242383926943272e-05,2.8615201429850657e-05,2.798801893275804e-05,2.7360836435665426e-05,2.6733653938572807e-05,7.290996528701675e-06,1.2151660881169456e-05,3.120232923035771e-05,2.7439234247802e-05,2.36761392652463e-05,1.99130442826906e-05,1.6149949300134893e-05,IR,550.0,3798.0,4.0,sum,False,True,True,True,20.0,0.1,100.0,2026-06-25 21:23:51,0.0,0.0,0.0,0.0,0.0,0.0,0.0,0.0,0.0,0.0,0.0,0.0,0.0,1.0,1.0,1.0,0.0,0.0,0.0,0.0,0.0,0.0,0.0,0.0,0.0,1.0,1.0,1.0,0.0,0.0,0.0,1.0,1.0,1.0,1.0,1.0,0.0,0.0,0.0,1.0,1.0,1.0,0.0,0.0,0.0,0.0,0.0,0.0,0.0,0.0,0.0,0.0,0.0,0.0,0.0,0.0,0.0,0.0,0.0,0.0,0.0,0.0,0.0,0.0,0.0,0.0,0.0,0.0,0.0,0.0,0.0,0.0,0.0,0.0,0.0,0.0,0.0,0.0,0.0,0.0,0.0,0.0,0.0,0.0,0.0,0.0,0.0,0.0,0.0,0.0,0.0,0.0,0.0,0.0,0.0,0.0,0.0,0.0,0.0,0.0,0.0,0.0,0.0,0.0,0.0,0.0,0.0,0.0,0.0,0.0,0.0,0.0,0.0,1.0,1.0,1.0,1.0,1.0,1.0,1.0,1.0,1.0,1.0,1.0,0.0,0.0,0.0,0.0,0.0,0.0,0.0,0.0,0.0,0.0,0.0,0.0,0.0,0.0,0.0,0.0,0.0,0.0,0.0,0.0,0.0,0.0,0.0,0.0,0.0,0.0,0.0,0.0,0.0,0.0,0.0,0.0,0.0,0.0,0.0,0.0,0.0,0.0,0.0,0.0002903729525039,0.000342128052164,0.0280091863420349,0.0005941926977455,0.001205444759412,0.0581910896496229,0.0010795504167706,0.0028757885447939,0.1015566826373463,0.0005329702782918,0.002940701933243,0.0467864031224907,0.0007228215560742,0.0011519774515348,0.0698344191168988,0.0056844811060488,0.013155388069954,0.563218349352881,0.0067859233278805,0.0128929121949207,0.6673474210020527,0.0014163317381469,0.0070046877187788,0.1199099240497675,0.002852463627727,0.0081561947834409,0.268260692795194,0.0010830344155419,0.0022796515813073,0.1048018816729277,0.0003121769520153,0.0004520417847795,0.0297458546764843,0.000279999354002,0.0003672153520477,0.0269838997549127,0.0002172811042927,0.0002721972037381,0.0209899166301986,0.0002240233161365,0.0003159431829104,0.0217695044740847,0.0001342985881024,0.0001785902160471,0.0127705332101755,0.0001759340981719,0.0003011259964165,0.0166314686622777,0.0001461586091224,0.0003086521863817,0.0138500710832962,0.0001269103782866,0.0002114388993323,0.0125284407662978,2.7837495133455816e-05,6.318863658208118e-05,0.0027517632059938,1.359418062448248e-05,4.405957042075636e-05,0.0012421349354919,7.811558001288546e-05,0.0001020739514018,0.0075719742873991,0.0001498840731551,0.0002371533817131,0.014368280621519,0.0016064150734532,0.0035288423198916,0.1541937576839655,0.007426166900475,0.0158414539093774,0.7050280750405042,0.0070352597295996,0.0243033217623389,0.6701664495308597,0.0003066859692533,0.0005322427465952,0.0292276451382616,0.0001818923318943,0.0001968569062749,0.017473147573376,0.0001093053655933,0.0001701232523363,0.0103623092169642,0.0001334487558188,0.0001531109271027,0.0128174151018332,0.0001138994773845,0.0001506805949265,0.0109065468288163,8.740728870731257e-05,0.0001288076053403,0.0084065973954051,5.8857941439656656e-05,0.0001020739514018,0.0056789807155493,2.366407806337913e-05,3.120232923035771e-05,0.0011384930278473
NC(c1ccccc1)(c1ccccc1)c1ccccc1,BZVJOYBTLHNRDW-UHFFFAOYSA-N,IR,IR_NIST_gas_BZVJOYBTLHNRDW-UHFFFAOYSA-N_001,NIST Chemistry WebBook,NIST Chemistry WebBook,gas,,,True,False,,E:\QSPR Forge\spectra_bank\IR\processed\IR_NIST_gas_BZVJOYBTLHNRDW-UHFFFAOYSA-N_001_processed.csv,0.000320065115234,0.0002034851063739,0.0013926011967467,0.0009908958876248,0.0009498706645655,0.0009088454415062,0.000867820218447,0.0008267949953877,0.0007857697723284,0.0007447445492692,0.0007037193262099,0.0006486087765669,0.0029780893172438,0.0048027544881764,0.0049351292079143,0.0050675039276522,0.0051998786473901,0.005332253367128,0.0054646280868659,0.0055970028066038,0.0057293775263417,0.0014222761080929,0.0017741357711979,0.0022574812742078,0.0023310531742274,0.0024046250742471,0.0024781969742667,0.0025517688742863,0.0026253407743059,0.0026989126743255,0.0027724845743451,0.0073127460103141,0.0211963652472873,0.0172359953392611,0.0165678312063692,0.0158996670734773,0.0152315029405854,0.0145633388076935,0.0138951746748016,0.0132270105419096,0.0125588464090177,0.0048645658242524,0.0075586238471826,0.0095488257931594,0.009817130751967,0.0100854357107746,0.0103537406695822,0.0106220456283898,0.0108903505871974,0.011158655546005,0.0114269605048126,0.0087858933950006,0.0034465289892089,0.0031853350690649,0.0031620874426646,0.0031388398162644,0.0031155921898641,0.0030923445634639,0.0030690969370636,0.0030458493106634,0.0030226016842631,0.0027618863917215,0.0029293376771751,0.0029207907557044,0.0029065686783772,0.00289234660105,0.0028781245237228,0.0028639024463955,0.0028496803690683,0.0028354582917411,0.0028212362144139,0.0018377248669398,0.0011785179077491,0.0011943809939987,0.001195748501434,0.0011971160088693,0.0011984835163046,0.0011998510237399,0.0012012185311753,0.0012025860386106,0.0012039535460459,0.0016257612144669,0.002859389671859,0.0030003113130676,0.0029847217283051,0.0029691321435426,0.00295354255878,0.0029379529740175,0.002922363389255,0.0029067738044925,0.00289118421973,0.0019352281470773,0.0023697536346467,0.0022671905769985,0.0022406609327535,0.0022141312885085,0.0021876016442635,0.0021610720000185,0.0021345423557736,0.0021080127115286,0.0020814830672836,0.0014540706559639,0.0009856309839988,0.0009324349447653,0.0009321614432782,0.0009318879417912,0.0009316144403041,0.0009313409388171,0.00093106743733,0.0009307939358429,0.0009305204343559,0.0012844997339856,0.0024799747339326,0.0035145624841155,0.0035996214465917,0.0036846804090679,0.0037697393715441,0.0038547983340203,0.0039398572964966,0.0040249162589728,0.004109975221449,0.0013078157357576,0.00054686622338,0.000554729391133,0.0005539088866718,0.0005530883822106,0.0005522678777494,0.0005514473732882,0.0005506268688271,0.0005498063643659,0.0005489858599047,0.0005171913120338,0.0003009883865114,0.0002516897434685,0.0002481342241367,0.0002445787048049,0.0002410231854731,0.0002374676661413,0.0002339121468095,0.0002303566274777,0.0002268011081459,0.0001356567375826,0.0002691938386405,0.0003394837208154,0.000351244284759,0.0003630048487027,0.0003747654126463,0.00038652597659,0.0003982865405337,0.0004100471044773,0.000421807668421,0.000796983333298,0.0022637718084102,0.0027282457088129,0.0027257841954293,0.0027233226820458,0.0027208611686622,0.0027183996552787,0.0027159381418951,0.0027134766285116,0.002711015115128,0.0016957092197829,0.0011297662676804,0.0009701097746081,0.0009550671928197,0.0009400246110313,0.0009249820292429,0.0009099394474545,0.0008948968656661,0.0008798542838777,0.0008648117020893,0.000640130230468,0.0007227960549325,0.0007688810555024,0.0007738040822695,0.0007787271090366,0.0007836501358037,0.0007885731625708,0.0007934961893379,0.000798419216105,0.0008033422428721,0.000945357890029,0.0008478546098914,0.0008486751143526,0.0008497691203009,0.0008508631262491,0.0008519571321974,0.0008530511381456,0.0008541451440939,0.0008552391500421,0.0008563331559904,0.0005913785903993,0.0002776723847394,0.0002353480296166,0.000232613014746,0.0002298779998754,0.0002271429850048,0.0002244079701341,0.0002216729552635,0.0002189379403929,0.0002162029255223,0.0002819116577889,0.0004112094857973,0.0003672441217521,0.000362321094985,0.0003573980682179,0.0003524750414508,0.0003475520146837,0.0003426289879166,0.0003377059611495,0.0003327829343824,0.0003476203900555,0.0007545906028034,0.0010285023420957,0.0010771856067927,0.0011258688714897,0.0011745521361867,0.0012232354008837,0.0012719186655807,0.0013206019302777,0.0013692851949747,0.0048115749111342,0.0017359823137528,0.0016645300502579,0.0016823076469169,0.0017000852435759,0.0017178628402349,0.001735640436894,0.001753418033553,0.001771195630212,0.001788973226871,0.0059667768171114,0.0036521337321076,0.0022703358440997,0.0021688667923998,0.0020673977406999,0.001965928689,0.0018644596373001,0.0017629905856001,0.0016615215339002,0.0015600524822003,0.0007779066045754,0.0009284007978311,0.0009499390399373,0.000953221057782,0.0009565030756267,0.0009597850934715,0.0009630671113162,0.000966349129161,0.0009696311470057,0.0009729131648504,0.0013502084662522,0.0026389474732872,0.0033637264140009,0.0034709389969291,0.0035781515798574,0.0036853641627856,0.0037925767457138,0.003899789328642,0.0040070019115702,0.0041142144944984,0.0041650857710919,0.0022404558066382,0.0018840833689967,0.0018441521518857,0.0018042209347747,0.0017642897176637,0.0017243585005527,0.0016844272834416,0.0016444960663306,0.0016045648492196,0.0007948636967732,0.0005829000443004,0.0005744214982014,0.0005744214982014,0.0005744214982014,0.0005744214982014,0.0005744214982014,0.0005744214982014,0.0005744214982014,0.0005744214982014,0.0003772953014017,0.0001504941932557,0.0001333319749426,0.0001330584734555,0.0001327849719684,0.0001325114704814,0.0001322379689943,0.0001319644675073,0.0001316909660202,0.0001314174645331,0.0001822887411266,0.0002776723847394,0.0003030396476644,0.000305774662535,0.0003085096774056,0.0003112446922762,0.0003139797071469,0.0003167147220175,0.0003194497368881,0.0003221847517587,0.0003751756648769,0.0004302862145199,0.0004990034631442,0.0005143195464196,0.0005296356296951,0.0005449517129705,0.000560267796246,0.0005755838795215,0.0005908999627969,0.0006062160460724,0.0010916128102353,0.0004472433067177,0.0003645774822533,0.0003560989361544,0.0003476203900555,0.0003391418439565,0.0003306632978576,0.0003221847517587,0.0003137062056598,0.0003052276595609,0.0002013654698492,0.0003115865691351,0.0003759961693381,0.0003855687213853,0.0003951412734324,0.0004047138254796,0.0004142863775268,0.0004238589295739,0.0004334314816211,0.0004430040336683,0.0007503513297539,0.0005638233155778,0.0004477219343201,0.0004370553763247,0.0004263888183293,0.0004157222603338,0.0004050557023384,0.000394389144343,0.0003837225863476,0.0003730560283522,0.0003645774822533,0.0010089469857708,0.0010998862302189,0.0010996127287318,0.0010993392272447,0.0010990657257577,0.0010987922242706,0.0010985187227836,0.0010982452212965,0.0010979717198094,0.0004769182180639,0.0001250585549589,0.0001134347417588,0.0001120672343235,0.0001106997268882,0.0001093322194529,0.0001079647120176,0.0001065972045823,0.000105229697147,0.0001038621897117,6.570873226659093e-05,5.723018616767597e-05,6.59822337536527e-05,6.352072037009675e-05,6.105920698654078e-05,5.859769360298483e-05,5.613618021942888e-05,5.367466683587292e-05,5.121315345231696e-05,4.875164006876101e-05,5.511054964294723e-05,5.511054964294723e-05,5.429004518176191e-05,5.319603923351482e-05,5.210203328526773e-05,5.100802733702063e-05,4.991402138877354e-05,4.882001544052645e-05,4.772600949227936e-05,4.663200354403227e-05,5.299091311821849e-05,5.087127659348975e-05,5.299091311821849e-05,5.299091311821849e-05,5.299091311821849e-05,5.299091311821849e-05,5.299091311821849e-05,5.299091311821849e-05,5.299091311821849e-05,5.299091311821849e-05,5.299091311821849e-05,5.299091311821849e-05,5.955494880770104e-05,5.982845029476281e-05,6.010195178182458e-05,6.037545326888636e-05,6.064895475594813e-05,6.09224562430099e-05,6.119595773007167e-05,6.146945921713344e-05,5.93498226924047e-05,7.418727836550588e-05,8.287095057971717e-05,8.314445206677895e-05,8.341795355384071e-05,8.36914550409025e-05,8.396495652796425e-05,8.423845801502604e-05,8.45119595020878e-05,8.478546098914959e-05,6.358909574186218e-05,5.299091311821849e-05,4.259785660987112e-05,4.2871358096932895e-05,4.314485958399467e-05,4.341836107105644e-05,4.369186255811821e-05,4.3965364045179984e-05,4.423886553224176e-05,4.451236701930353e-05,5.723018616767597e-05,6.782836879131967e-05,6.974287920075208e-05,6.94693777136903e-05,6.919587622662853e-05,6.892237473956676e-05,6.864887325250499e-05,6.837537176544321e-05,6.810187027838144e-05,6.782836879131967e-05,6.99480053160484e-05,8.902473403860706e-05,0.0001187680207565,0.0001245115519848,0.0001302550832131,0.0001359986144414,0.0001417421456697,0.000147485676898,0.0001532292081263,0.0001589727393546,0.0001102210992858,0.0001292978280084,0.000135246485352,0.0001346994823779,0.0001341524794037,0.0001336054764296,0.0001330584734555,0.0001325114704814,0.0001319644675073,0.0001314174645331,7.418727836550588e-05,6.782836879131967e-05,7.80162991843707e-05,7.746929621024715e-05,7.692229323612361e-05,7.637529026200006e-05,7.582828728787652e-05,7.528128431375297e-05,7.473428133962943e-05,7.418727836550588e-05,7.206764184077714e-05,8.478546098914959e-05,7.507615819845665e-05,7.343514927608602e-05,7.179414035371538e-05,7.015313143134473e-05,6.851212250897409e-05,6.687111358660345e-05,6.523010466423282e-05,6.358909574186218e-05,8.266582446442084e-05,5.511054964294723e-05,6.885399936780131e-05,7.022150680311017e-05,7.158901423841905e-05,7.295652167372791e-05,7.432402910903677e-05,7.569153654434563e-05,7.70590439796545e-05,7.842655141496336e-05,5.511054964294723e-05,6.358909574186218e-05,5.914469657710837e-05,5.88711950900466e-05,5.859769360298483e-05,5.832419211592306e-05,5.805069062886128e-05,5.777718914179951e-05,5.750368765473774e-05,5.723018616767597e-05,6.358909574186218e-05,7.418727836550588e-05,8.287095057971717e-05,8.314445206677895e-05,8.341795355384071e-05,8.36914550409025e-05,8.396495652796425e-05,8.423845801502604e-05,8.45119595020878e-05,8.478546098914959e-05,0.0001017425531869,0.0001186996453848,0.0001267679392531,0.000126220936279,0.0001256739333048,0.0001251269303307,0.0001245799273566,0.0001240329243825,0.0001234859214083,0.0001229389184342,0.0001208192819095,8.690509751387832e-05,9.408451154924986e-05,9.517851749749696e-05,9.627252344574404e-05,9.736652939399112e-05,9.846053534223822e-05,9.955454129048532e-05,0.0001006485472387,0.0001017425531869,8.266582446442084e-05,8.05461879396921e-05,7.61017887749383e-05,7.582828728787652e-05,7.555478580081476e-05,7.528128431375297e-05,7.500778282669121e-05,7.473428133962943e-05,7.446077985256766e-05,7.418727836550588e-05,5.93498226924047e-05,5.087127659348975e-05,4.9777270645242655e-05,5.114477808055152e-05,5.251228551586039e-05,5.387979295116925e-05,5.524730038647811e-05,5.661480782178698e-05,5.798231525709584e-05,5.93498226924047e-05,9.326400708806454e-05,9.538364361279327e-05,0.0001042040665705,0.0001074860844152,0.00011076810226,0.0001140501201047,0.0001173321379495,0.0001206141557942,0.0001238961736389,0.0001271781914837,0.0001229389184342,0.0001377763741073,0.0001348362331214,0.0001337422271732,0.0001326482212249,0.0001315542152767,0.0001304602093284,0.0001293662033802,0.0001282721974319,0.0001271781914837,0.0001271781914837,0.000139896010632,0.0001535027096134,0.000151861700691,0.0001502206917686,0.0001485796828463,0.0001469386739239,0.0001452976650015,0.0001436566560791,0.0001420156471568,0.0001801691046019,0.000195006560275,0.0001939125543267,0.0001952800617621,0.0001966475691974,0.0001980150766327,0.000199382584068,0.0002007500915033,0.0002021175989386,0.0002034851063739,0.0002585956560169,0.0002522367464427,0.0002556555150309,0.0002545615090827,0.0002534675031344,0.0002523734971862,0.000251279491238,0.0002501854852897,0.0002490914793415,0.0002479974733932,0.0002797920212641,0.0003179454787093,0.0003057062871632,0.0003035182752668,0.0003013302633703,0.0002991422514738,0.0002969542395773,0.0002947662276808,0.0002925782157843,0.0002903902038878,0.0003391418439565,0.0004514825797672,0.0005234818462362,0.0005346954072057,0.0005459089681752,0.0005571225291448,0.0005683360901143,0.0005795496510838,0.0005907632120534,0.0006019767730229,0.0014010797428456,0.0045169454341969,0.0056920445733578,0.0058033596785919,0.0059146747838261,0.0060259898890602,0.0061373049942944,0.0062486200995285,0.0063599352047627,0.0064712503099968,0.0056424724288279,0.0118551270828078,0.0146493550253744,0.0147207389134975,0.0147921228016206,0.0148635066897438,0.0149348905778669,0.01500627446599,0.0150776583541131,0.0151490422422363,0.0071092609039401,0.0033299489803488,0.0025378202984461,0.0024623338880171,0.002386847477588,0.002311361067159,0.0022358746567299,0.0021603882463009,0.0020849018358718,0.0020094154254428,0.0007227960549325,0.0004536022162919,0.000480405362024,0.000485054887304,0.0004897044125841,0.0004943539378641,0.0004990034631442,0.0005036529884242,0.0005083025137043,0.0005129520389843,0.0004281665779952,0.0002034851063739,0.0001820836150113,0.0001818101135243,0.0001815366120372,0.0001812631105501,0.0001809896090631,0.000180716107576,0.000180442606089,0.0001801691046019,0.0001356567375826,9.11443705633358e-05,0.0001091270933376,0.0001104946007729,0.0001118621082082,0.0001132296156435,0.0001145971230788,0.0001159646305141,0.0001173321379495,0.0001186996453848,0.0001017425531869,0.0001144603723353,0.0001121356096953,0.0001118621082082,0.0001115886067212,0.0001113151052341,0.000111041603747,0.00011076810226,0.0001104946007729,0.0001102210992858,0.0001314174645331,0.0001695709219782,0.0001634171385194,0.0001636906400064,0.0001639641414935,0.0001642376429805,0.0001645111444676,0.0001647846459547,0.0001650581474417,0.0001653316489288,0.0002861509308383,0.0002522367464427,0.0002367839124237,0.0002359634079625,0.0002351429035013,0.0002343223990401,0.0002335018945789,0.0002326813901178,0.0002318608856566,0.0002310403811954,0.0001632120124041,0.0001250585549589,0.0001335371010579,0.0001335371010579,0.0001335371010579,0.0001335371010579,0.0001335371010579,0.0001335371010579,0.0001335371010579,0.0001335371010579,0.000139896010632,0.0001208192819095,0.0001148706245659,0.00011541762754,0.0001159646305141,0.0001165116334883,0.0001170586364624,0.0001176056394365,0.0001181526424106,0.0001186996453848,0.0001102210992858,9.750328013752202e-05,7.84949267867288e-05,7.575991191611108e-05,7.302489704549334e-05,7.028988217487562e-05,6.75548673042579e-05,6.481985243364017e-05,6.208483756302243e-05,5.93498226924047e-05,7.418727836550588e-05,6.570873226659093e-05,6.208483756302243e-05,6.290534202420775e-05,6.372584648539307e-05,6.45463509465784e-05,6.536685540776372e-05,6.618735986894903e-05,6.700786433013435e-05,6.782836879131967e-05,4.451236701930353e-05,7.418727836550588e-05,7.774279769730894e-05,7.965730810674133e-05,8.157181851617375e-05,8.348632892560616e-05,8.540083933503857e-05,8.731534974447099e-05,8.922986015390338e-05,9.11443705633358e-05,6.146945921713344e-05,7.630691489023463e-05,5.087127659348975e-05,5.087127659348975e-05,5.087127659348975e-05,5.087127659348975e-05,5.087127659348975e-05,5.087127659348975e-05,5.087127659348975e-05,5.087127659348975e-05,8.266582446442084e-05,0.0001038621897117,0.0001143919969635,0.0001171270118342,0.0001198620267048,0.0001225970415754,0.000125332056446,0.0001280670713166,0.0001308020861872,0.0001335371010579,0.0001526138297804,0.0001653316489288,0.0001511095716016,0.0001519300760628,0.000152750580524,0.0001535710849851,0.0001543915894463,0.0001552120939075,0.0001560325983687,0.0001568531028299,0.0001844083776514,0.0002225618350965,0.0002006817161315,0.000194117680442,0.0001875536447526,0.0001809896090631,0.0001744255733736,0.0001678615376841,0.0001612975019946,0.0001547334663051,0.0001420156471568,0.0001229389184342,0.0001348362331214,0.0001337422271732,0.0001326482212249,0.0001315542152767,0.0001304602093284,0.0001293662033802,0.0001282721974319,0.0001271781914837,0.0001971261967997,0.00011658000886,0.0001104262254011,0.0001106997268882,0.0001109732283753,0.0001112467298623,0.0001115202313494,0.0001117937328364,0.0001120672343235,0.0001123407358106,0.0001123407358106,0.0001102210992858,IR,550.0,3798.0,4.0,sum,False,True,False,False,20.0,0.1,100.0,2026-06-25 22:05:31,,,,,,,,,,,,,,,,,,,,,,,,,,,,,,,,,,,,,,,,,,,,,,,,,,,,,,,,,,,,,,,,,,,,,,,,,,,,,,,,,,,,,,,,,,,,,,,,,,,,,,,,,,,,,,,,,,,,,,,,,,,,,,,,,,,,,,,,,,,,,,,,,,,,,,,,,,,,,,,,,,,,,,,,,,,,,,,,,,,,,,,,,,,,,,,,,,,,,,,,,,,,,,,,,,,,,,,,,,,,,,,,,,,,,,,,,,,,,,,,,,,,,,,,,,,,,,,,,,,,,,
OCC(O)C(O)C(O)C(C=NNc1ccccc1)=NNc1ccccc1,BZVNQJMWJJOFFB-UHFFFAOYSA-N,IR,IR_NIST_solid_mineral_oil_mull_BZVNQJMWJJOFFB-UHFFFAOYSA-N_001,NIST Chemistry WebBook,NIST Chemistry WebBook,solid_mineral_oil_mull,,,True,False,,E:\QSPR Forge\spectra_bank\IR\processed\IR_NIST_solid_mineral_oil_mull_BZVNQJMWJJOFFB-UHFFFAOYSA-N_001_processed.csv,,,,,,,,,,,,,,,,,,,,,,,,,,,,,,,,,,,,,,,,,,,,,,,,,,,,,,,,,,,,,,,,,,,,,,,,,,,,,,,,,,,,,,,,,,,,,,,,,,,,,,,,,,,,,,,,,,,,,,,,,,,,,,,,,,,,,,,,,,,,,,,,,,,,,,,,,,,,,,,,,,,,,,,,,,,,,,,,,,,,,,,,,,,,,,,,,,,,,,,,,,,,,,,,,,,,,,,,,,,,,,,,,,,,,,,,,,,,,,,,,,,,,,,,,,,,,,,,,,,,,,,,,,,,,,,,,,,,,,,,,,,,,,,,,,,,,,,,,,,,,,,,,,,,,,,,,,,,,,,,,,,,,,,,,,,,,,,,,,,,,,,,,,,,,,,,,,,,,,,,,,,,,,,,,,,,,,,,,,,,,,,,,,,,,,,,,,,,,,,,,,,,,,,,,,,,,,,,,,,,,,,,,,,,,,,,,,,,,,,,,,,,,,,,,,,,,,,,,,,,,,,,,,,,,,,,,,,,,,,,,,,,,,,,,,,,,,,,,,,,,,,,,,,,,,,,,,,,,,,,,,,,,,,,,,,,,,,,,,,,,,,,,,,,,,,,,,,,,,,,,,,,,,,,,,,,,,,,,,,,,,,,,,,,,,,,,,,,,,,,,,,,,,,,,,,,,,,,,,,,,,,,,,,,,,,,,,,,,,,,,,,,,,,,,,,,,,,,,,,,,,,,,,,,,,,,,,,,,,,,,,,,,,,,,,,,,,,,,,,,,,,,,,,,,,,,,,,,,,,,,,,,,,,,,,,,,,,,,,,,,,,,,,,,,,,,,,,,,,,,,,,,,,,,,,,,,,,,,,,,,,,,,,,,,,,,,,,,,,,,,,,,,,,,,,,,,,IR,550.0,3798.0,4.0,sum,False,True,False,False,20.0,0.1,100.0,2026-06-25 22:06:25,,,,,,,,,,,,,,,,,,,,,,,,,,,,,,,,,,,,,,,,,,,,,,,,,,,,,,,,,,,,,,,,,,,,,,,,,,,,,,,,,,,,,,,,,,,,,,,,,,,,,,,,,,,,,,,,,,,,,,,,,,,,,,,,,,,,,,,,,,,,,,,,,,,,,,,,,,,,,,,,,,,,,,,,,,,,,,,,,,,,,,,,,,,,,,,,,,,,,,,,,,,,,,,,,,,,,,,,,,,,,,,,,,,,,,,,,,,,,,,,,,,,,,,,,,,,,,,,,,,,,,
