canonical_smiles,inchikey,spectrum_type,spectrum_id,spectrum_source,spectrum_source_database,spectrum_phase,spectrum_phase_norm,spectrum_intensity_type,spectrum_is_experimental,spectrum_is_quantitative,spectrum_selection_reason,processed_file,IR_GRID_550,IR_GRID_554,IR_GRID_558,IR_GRID_562,IR_GRID_566,IR_GRID_570,IR_GRID_574,IR_GRID_578,IR_GRID_582,IR_GRID_586,IR_GRID_590,IR_GRID_594,IR_GRID_598,IR_GRID_602,IR_GRID_606,IR_GRID_610,IR_GRID_614,IR_GRID_618,IR_GRID_622,IR_GRID_626,IR_GRID_630,IR_GRID_634,IR_GRID_638,IR_GRID_642,IR_GRID_646,IR_GRID_650,IR_GRID_654,IR_GRID_658,IR_GRID_662,IR_GRID_666,IR_GRID_670,IR_GRID_674,IR_GRID_678,IR_GRID_682,IR_GRID_686,IR_GRID_690,IR_GRID_694,IR_GRID_698,IR_GRID_702,IR_GRID_706,IR_GRID_710,IR_GRID_714,IR_GRID_718,IR_GRID_722,IR_GRID_726,IR_GRID_730,IR_GRID_734,IR_GRID_738,IR_GRID_742,IR_GRID_746,IR_GRID_750,IR_GRID_754,IR_GRID_758,IR_GRID_762,IR_GRID_766,IR_GRID_770,IR_GRID_774,IR_GRID_778,IR_GRID_782,IR_GRID_786,IR_GRID_790,IR_GRID_794,IR_GRID_798,IR_GRID_802,IR_GRID_806,IR_GRID_810,IR_GRID_814,IR_GRID_818,IR_GRID_822,IR_GRID_826,IR_GRID_830,IR_GRID_834,IR_GRID_838,IR_GRID_842,IR_GRID_846,IR_GRID_850,IR_GRID_854,IR_GRID_858,IR_GRID_862,IR_GRID_866,IR_GRID_870,IR_GRID_874,IR_GRID_878,IR_GRID_882,IR_GRID_886,IR_GRID_890,IR_GRID_894,IR_GRID_898,IR_GRID_902,IR_GRID_906,IR_GRID_910,IR_GRID_914,IR_GRID_918,IR_GRID_922,IR_GRID_926,IR_GRID_930,IR_GRID_934,IR_GRID_938,IR_GRID_942,IR_GRID_946,IR_GRID_950,IR_GRID_954,IR_GRID_958,IR_GRID_962,IR_GRID_966,IR_GRID_970,IR_GRID_974,IR_GRID_978,IR_GRID_982,IR_GRID_986,IR_GRID_990,IR_GRID_994,IR_GRID_998,IR_GRID_1002,IR_GRID_1006,IR_GRID_1010,IR_GRID_1014,IR_GRID_1018,IR_GRID_1022,IR_GRID_1026,IR_GRID_1030,IR_GRID_1034,IR_GRID_1038,IR_GRID_1042,IR_GRID_1046,IR_GRID_1050,IR_GRID_1054,IR_GRID_1058,IR_GRID_1062,IR_GRID_1066,IR_GRID_1070,IR_GRID_1074,IR_GRID_1078,IR_GRID_1082,IR_GRID_1086,IR_GRID_1090,IR_GRID_1094,IR_GRID_1098,IR_GRID_1102,IR_GRID_1106,IR_GRID_1110,IR_GRID_1114,IR_GRID_1118,IR_GRID_1122,IR_GRID_1126,IR_GRID_1130,IR_GRID_1134,IR_GRID_1138,IR_GRID_1142,IR_GRID_1146,IR_GRID_1150,IR_GRID_1154,IR_GRID_1158,IR_GRID_1162,IR_GRID_1166,IR_GRID_1170,IR_GRID_1174,IR_GRID_1178,IR_GRID_1182,IR_GRID_1186,IR_GRID_1190,IR_GRID_1194,IR_GRID_1198,IR_GRID_1202,IR_GRID_1206,IR_GRID_1210,IR_GRID_1214,IR_GRID_1218,IR_GRID_1222,IR_GRID_1226,IR_GRID_1230,IR_GRID_1234,IR_GRID_1238,IR_GRID_1242,IR_GRID_1246,IR_GRID_1250,IR_GRID_1254,IR_GRID_1258,IR_GRID_1262,IR_GRID_1266,IR_GRID_1270,IR_GRID_1274,IR_GRID_1278,IR_GRID_1282,IR_GRID_1286,IR_GRID_1290,IR_GRID_1294,IR_GRID_1298,IR_GRID_1302,IR_GRID_1306,IR_GRID_1310,IR_GRID_1314,IR_GRID_1318,IR_GRID_1322,IR_GRID_1326,IR_GRID_1330,IR_GRID_1334,IR_GRID_1338,IR_GRID_1342,IR_GRID_1346,IR_GRID_1350,IR_GRID_1354,IR_GRID_1358,IR_GRID_1362,IR_GRID_1366,IR_GRID_1370,IR_GRID_1374,IR_GRID_1378,IR_GRID_1382,IR_GRID_1386,IR_GRID_1390,IR_GRID_1394,IR_GRID_1398,IR_GRID_1402,IR_GRID_1406,IR_GRID_1410,IR_GRID_1414,IR_GRID_1418,IR_GRID_1422,IR_GRID_1426,IR_GRID_1430,IR_GRID_1434,IR_GRID_1438,IR_GRID_1442,IR_GRID_1446,IR_GRID_1450,IR_GRID_1454,IR_GRID_1458,IR_GRID_1462,IR_GRID_1466,IR_GRID_1470,IR_GRID_1474,IR_GRID_1478,IR_GRID_1482,IR_GRID_1486,IR_GRID_1490,IR_GRID_1494,IR_GRID_1498,IR_GRID_1502,IR_GRID_1506,IR_GRID_1510,IR_GRID_1514,IR_GRID_1518,IR_GRID_1522,IR_GRID_1526,IR_GRID_1530,IR_GRID_1534,IR_GRID_1538,IR_GRID_1542,IR_GRID_1546,IR_GRID_1550,IR_GRID_1554,IR_GRID_1558,IR_GRID_1562,IR_GRID_1566,IR_GRID_1570,IR_GRID_1574,IR_GRID_1578,IR_GRID_1582,IR_GRID_1586,IR_GRID_1590,IR_GRID_1594,IR_GRID_1598,IR_GRID_1602,IR_GRID_1606,IR_GRID_1610,IR_GRID_1614,IR_GRID_1618,IR_GRID_1622,IR_GRID_1626,IR_GRID_1630,IR_GRID_1634,IR_GRID_1638,IR_GRID_1642,IR_GRID_1646,IR_GRID_1650,IR_GRID_1654,IR_GRID_1658,IR_GRID_1662,IR_GRID_1666,IR_GRID_1670,IR_GRID_1674,IR_GRID_1678,IR_GRID_1682,IR_GRID_1686,IR_GRID_1690,IR_GRID_1694,IR_GRID_1698,IR_GRID_1702,IR_GRID_1706,IR_GRID_1710,IR_GRID_1714,IR_GRID_1718,IR_GRID_1722,IR_GRID_1726,IR_GRID_1730,IR_GRID_1734,IR_GRID_1738,IR_GRID_1742,IR_GRID_1746,IR_GRID_1750,IR_GRID_1754,IR_GRID_1758,IR_GRID_1762,IR_GRID_1766,IR_GRID_1770,IR_GRID_1774,IR_GRID_1778,IR_GRID_1782,IR_GRID_1786,IR_GRID_1790,IR_GRID_1794,IR_GRID_1798,IR_GRID_1802,IR_GRID_1806,IR_GRID_1810,IR_GRID_1814,IR_GRID_1818,IR_GRID_1822,IR_GRID_1826,IR_GRID_1830,IR_GRID_1834,IR_GRID_1838,IR_GRID_1842,IR_GRID_1846,IR_GRID_1850,IR_GRID_1854,IR_GRID_1858,IR_GRID_1862,IR_GRID_1866,IR_GRID_1870,IR_GRID_1874,IR_GRID_1878,IR_GRID_1882,IR_GRID_1886,IR_GRID_1890,IR_GRID_1894,IR_GRID_1898,IR_GRID_1902,IR_GRID_1906,IR_GRID_1910,IR_GRID_1914,IR_GRID_1918,IR_GRID_1922,IR_GRID_1926,IR_GRID_1930,IR_GRID_1934,IR_GRID_1938,IR_GRID_1942,IR_GRID_1946,IR_GRID_1950,IR_GRID_1954,IR_GRID_1958,IR_GRID_1962,IR_GRID_1966,IR_GRID_1970,IR_GRID_1974,IR_GRID_1978,IR_GRID_1982,IR_GRID_1986,IR_GRID_1990,IR_GRID_1994,IR_GRID_1998,IR_GRID_2002,IR_GRID_2006,IR_GRID_2010,IR_GRID_2014,IR_GRID_2018,IR_GRID_2022,IR_GRID_2026,IR_GRID_2030,IR_GRID_2034,IR_GRID_2038,IR_GRID_2042,IR_GRID_2046,IR_GRID_2050,IR_GRID_2054,IR_GRID_2058,IR_GRID_2062,IR_GRID_2066,IR_GRID_2070,IR_GRID_2074,IR_GRID_2078,IR_GRID_2082,IR_GRID_2086,IR_GRID_2090,IR_GRID_2094,IR_GRID_2098,IR_GRID_2102,IR_GRID_2106,IR_GRID_2110,IR_GRID_2114,IR_GRID_2118,IR_GRID_2122,IR_GRID_2126,IR_GRID_2130,IR_GRID_2134,IR_GRID_2138,IR_GRID_2142,IR_GRID_2146,IR_GRID_2150,IR_GRID_2154,IR_GRID_2158,IR_GRID_2162,IR_GRID_2166,IR_GRID_2170,IR_GRID_2174,IR_GRID_2178,IR_GRID_2182,IR_GRID_2186,IR_GRID_2190,IR_GRID_2194,IR_GRID_2198,IR_GRID_2202,IR_GRID_2206,IR_GRID_2210,IR_GRID_2214,IR_GRID_2218,IR_GRID_2222,IR_GRID_2226,IR_GRID_2230,IR_GRID_2234,IR_GRID_2238,IR_GRID_2242,IR_GRID_2246,IR_GRID_2250,IR_GRID_2254,IR_GRID_2258,IR_GRID_2262,IR_GRID_2266,IR_GRID_2270,IR_GRID_2274,IR_GRID_2278,IR_GRID_2282,IR_GRID_2286,IR_GRID_2290,IR_GRID_2294,IR_GRID_2298,IR_GRID_2302,IR_GRID_2306,IR_GRID_2310,IR_GRID_2314,IR_GRID_2318,IR_GRID_2322,IR_GRID_2326,IR_GRID_2330,IR_GRID_2334,IR_GRID_2338,IR_GRID_2342,IR_GRID_2346,IR_GRID_2350,IR_GRID_2354,IR_GRID_2358,IR_GRID_2362,IR_GRID_2366,IR_GRID_2370,IR_GRID_2374,IR_GRID_2378,IR_GRID_2382,IR_GRID_2386,IR_GRID_2390,IR_GRID_2394,IR_GRID_2398,IR_GRID_2402,IR_GRID_2406,IR_GRID_2410,IR_GRID_2414,IR_GRID_2418,IR_GRID_2422,IR_GRID_2426,IR_GRID_2430,IR_GRID_2434,IR_GRID_2438,IR_GRID_2442,IR_GRID_2446,IR_GRID_2450,IR_GRID_2454,IR_GRID_2458,IR_GRID_2462,IR_GRID_2466,IR_GRID_2470,IR_GRID_2474,IR_GRID_2478,IR_GRID_2482,IR_GRID_2486,IR_GRID_2490,IR_GRID_2494,IR_GRID_2498,IR_GRID_2502,IR_GRID_2506,IR_GRID_2510,IR_GRID_2514,IR_GRID_2518,IR_GRID_2522,IR_GRID_2526,IR_GRID_2530,IR_GRID_2534,IR_GRID_2538,IR_GRID_2542,IR_GRID_2546,IR_GRID_2550,IR_GRID_2554,IR_GRID_2558,IR_GRID_2562,IR_GRID_2566,IR_GRID_2570,IR_GRID_2574,IR_GRID_2578,IR_GRID_2582,IR_GRID_2586,IR_GRID_2590,IR_GRID_2594,IR_GRID_2598,IR_GRID_2602,IR_GRID_2606,IR_GRID_2610,IR_GRID_2614,IR_GRID_2618,IR_GRID_2622,IR_GRID_2626,IR_GRID_2630,IR_GRID_2634,IR_GRID_2638,IR_GRID_2642,IR_GRID_2646,IR_GRID_2650,IR_GRID_2654,IR_GRID_2658,IR_GRID_2662,IR_GRID_2666,IR_GRID_2670,IR_GRID_2674,IR_GRID_2678,IR_GRID_2682,IR_GRID_2686,IR_GRID_2690,IR_GRID_2694,IR_GRID_2698,IR_GRID_2702,IR_GRID_2706,IR_GRID_2710,IR_GRID_2714,IR_GRID_2718,IR_GRID_2722,IR_GRID_2726,IR_GRID_2730,IR_GRID_2734,IR_GRID_2738,IR_GRID_2742,IR_GRID_2746,IR_GRID_2750,IR_GRID_2754,IR_GRID_2758,IR_GRID_2762,IR_GRID_2766,IR_GRID_2770,IR_GRID_2774,IR_GRID_2778,IR_GRID_2782,IR_GRID_2786,IR_GRID_2790,IR_GRID_2794,IR_GRID_2798,IR_GRID_2802,IR_GRID_2806,IR_GRID_2810,IR_GRID_2814,IR_GRID_2818,IR_GRID_2822,IR_GRID_2826,IR_GRID_2830,IR_GRID_2834,IR_GRID_2838,IR_GRID_2842,IR_GRID_2846,IR_GRID_2850,IR_GRID_2854,IR_GRID_2858,IR_GRID_2862,IR_GRID_2866,IR_GRID_2870,IR_GRID_2874,IR_GRID_2878,IR_GRID_2882,IR_GRID_2886,IR_GRID_2890,IR_GRID_2894,IR_GRID_2898,IR_GRID_2902,IR_GRID_2906,IR_GRID_2910,IR_GRID_2914,IR_GRID_2918,IR_GRID_2922,IR_GRID_2926,IR_GRID_2930,IR_GRID_2934,IR_GRID_2938,IR_GRID_2942,IR_GRID_2946,IR_GRID_2950,IR_GRID_2954,IR_GRID_2958,IR_GRID_2962,IR_GRID_2966,IR_GRID_2970,IR_GRID_2974,IR_GRID_2978,IR_GRID_2982,IR_GRID_2986,IR_GRID_2990,IR_GRID_2994,IR_GRID_2998,IR_GRID_3002,IR_GRID_3006,IR_GRID_3010,IR_GRID_3014,IR_GRID_3018,IR_GRID_3022,IR_GRID_3026,IR_GRID_3030,IR_GRID_3034,IR_GRID_3038,IR_GRID_3042,IR_GRID_3046,IR_GRID_3050,IR_GRID_3054,IR_GRID_3058,IR_GRID_3062,IR_GRID_3066,IR_GRID_3070,IR_GRID_3074,IR_GRID_3078,IR_GRID_3082,IR_GRID_3086,IR_GRID_3090,IR_GRID_3094,IR_GRID_3098,IR_GRID_3102,IR_GRID_3106,IR_GRID_3110,IR_GRID_3114,IR_GRID_3118,IR_GRID_3122,IR_GRID_3126,IR_GRID_3130,IR_GRID_3134,IR_GRID_3138,IR_GRID_3142,IR_GRID_3146,IR_GRID_3150,IR_GRID_3154,IR_GRID_3158,IR_GRID_3162,IR_GRID_3166,IR_GRID_3170,IR_GRID_3174,IR_GRID_3178,IR_GRID_3182,IR_GRID_3186,IR_GRID_3190,IR_GRID_3194,IR_GRID_3198,IR_GRID_3202,IR_GRID_3206,IR_GRID_3210,IR_GRID_3214,IR_GRID_3218,IR_GRID_3222,IR_GRID_3226,IR_GRID_3230,IR_GRID_3234,IR_GRID_3238,IR_GRID_3242,IR_GRID_3246,IR_GRID_3250,IR_GRID_3254,IR_GRID_3258,IR_GRID_3262,IR_GRID_3266,IR_GRID_3270,IR_GRID_3274,IR_GRID_3278,IR_GRID_3282,IR_GRID_3286,IR_GRID_3290,IR_GRID_3294,IR_GRID_3298,IR_GRID_3302,IR_GRID_3306,IR_GRID_3310,IR_GRID_3314,IR_GRID_3318,IR_GRID_3322,IR_GRID_3326,IR_GRID_3330,IR_GRID_3334,IR_GRID_3338,IR_GRID_3342,IR_GRID_3346,IR_GRID_3350,IR_GRID_3354,IR_GRID_3358,IR_GRID_3362,IR_GRID_3366,IR_GRID_3370,IR_GRID_3374,IR_GRID_3378,IR_GRID_3382,IR_GRID_3386,IR_GRID_3390,IR_GRID_3394,IR_GRID_3398,IR_GRID_3402,IR_GRID_3406,IR_GRID_3410,IR_GRID_3414,IR_GRID_3418,IR_GRID_3422,IR_GRID_3426,IR_GRID_3430,IR_GRID_3434,IR_GRID_3438,IR_GRID_3442,IR_GRID_3446,IR_GRID_3450,IR_GRID_3454,IR_GRID_3458,IR_GRID_3462,IR_GRID_3466,IR_GRID_3470,IR_GRID_3474,IR_GRID_3478,IR_GRID_3482,IR_GRID_3486,IR_GRID_3490,IR_GRID_3494,IR_GRID_3498,IR_GRID_3502,IR_GRID_3506,IR_GRID_3510,IR_GRID_3514,IR_GRID_3518,IR_GRID_3522,IR_GRID_3526,IR_GRID_3530,IR_GRID_3534,IR_GRID_3538,IR_GRID_3542,IR_GRID_3546,IR_GRID_3550,IR_GRID_3554,IR_GRID_3558,IR_GRID_3562,IR_GRID_3566,IR_GRID_3570,IR_GRID_3574,IR_GRID_3578,IR_GRID_3582,IR_GRID_3586,IR_GRID_3590,IR_GRID_3594,IR_GRID_3598,IR_GRID_3602,IR_GRID_3606,IR_GRID_3610,IR_GRID_3614,IR_GRID_3618,IR_GRID_3622,IR_GRID_3626,IR_GRID_3630,IR_GRID_3634,IR_GRID_3638,IR_GRID_3642,IR_GRID_3646,IR_GRID_3650,IR_GRID_3654,IR_GRID_3658,IR_GRID_3662,IR_GRID_3666,IR_GRID_3670,IR_GRID_3674,IR_GRID_3678,IR_GRID_3682,IR_GRID_3686,IR_GRID_3690,IR_GRID_3694,IR_GRID_3698,IR_GRID_3702,IR_GRID_3706,IR_GRID_3710,IR_GRID_3714,IR_GRID_3718,IR_GRID_3722,IR_GRID_3726,IR_GRID_3730,IR_GRID_3734,IR_GRID_3738,IR_GRID_3742,IR_GRID_3746,IR_GRID_3750,IR_GRID_3754,IR_GRID_3758,IR_GRID_3762,IR_GRID_3766,IR_GRID_3770,IR_GRID_3774,IR_GRID_3778,IR_GRID_3782,IR_GRID_3786,IR_GRID_3790,IR_GRID_3794,IR_GRID_3798,descriptor_spectrum_type,descriptor_wn_min,descriptor_wn_max,descriptor_step,descriptor_normalization,descriptor_invert_signal,descriptor_use_grid,descriptor_use_binary_fp,descriptor_use_binned_numeric,descriptor_binary_window,descriptor_binary_threshold,descriptor_numeric_window,descriptor_cached_at,IR_BIN_550_570,IR_BIN_570_590,IR_BIN_590_610,IR_BIN_610_630,IR_BIN_630_650,IR_BIN_650_670,IR_BIN_670_690,IR_BIN_690_710,IR_BIN_710_730,IR_BIN_730_750,IR_BIN_750_770,IR_BIN_770_790,IR_BIN_790_810,IR_BIN_810_830,IR_BIN_830_850,IR_BIN_850_870,IR_BIN_870_890,IR_BIN_890_910,IR_BIN_910_930,IR_BIN_930_950,IR_BIN_950_970,IR_BIN_970_990,IR_BIN_990_1010,IR_BIN_1010_1030,IR_BIN_1030_1050,IR_BIN_1050_1070,IR_BIN_1070_1090,IR_BIN_1090_1110,IR_BIN_1110_1130,IR_BIN_1130_1150,IR_BIN_1150_1170,IR_BIN_1170_1190,IR_BIN_1190_1210,IR_BIN_1210_1230,IR_BIN_1230_1250,IR_BIN_1250_1270,IR_BIN_1270_1290,IR_BIN_1290_1310,IR_BIN_1310_1330,IR_BIN_1330_1350,IR_BIN_1350_1370,IR_BIN_1370_1390,IR_BIN_1390_1410,IR_BIN_1410_1430,IR_BIN_1430_1450,IR_BIN_1450_1470,IR_BIN_1470_1490,IR_BIN_1490_1510,IR_BIN_1510_1530,IR_BIN_1530_1550,IR_BIN_1550_1570,IR_BIN_1570_1590,IR_BIN_1590_1610,IR_BIN_1610_1630,IR_BIN_1630_1650,IR_BIN_1650_1670,IR_BIN_1670_1690,IR_BIN_1690_1710,IR_BIN_1710_1730,IR_BIN_1730_1750,IR_BIN_1750_1770,IR_BIN_1770_1790,IR_BIN_1790_1810,IR_BIN_1810_1830,IR_BIN_1830_1850,IR_BIN_1850_1870,IR_BIN_1870_1890,IR_BIN_1890_1910,IR_BIN_1910_1930,IR_BIN_1930_1950,IR_BIN_1950_1970,IR_BIN_1970_1990,IR_BIN_1990_2010,IR_BIN_2010_2030,IR_BIN_2030_2050,IR_BIN_2050_2070,IR_BIN_2070_2090,IR_BIN_2090_2110,IR_BIN_2110_2130,IR_BIN_2130_2150,IR_BIN_2150_2170,IR_BIN_2170_2190,IR_BIN_2190_2210,IR_BIN_2210_2230,IR_BIN_2230_2250,IR_BIN_2250_2270,IR_BIN_2270_2290,IR_BIN_2290_2310,IR_BIN_2310_2330,IR_BIN_2330_2350,IR_BIN_2350_2370,IR_BIN_2370_2390,IR_BIN_2390_2410,IR_BIN_2410_2430,IR_BIN_2430_2450,IR_BIN_2450_2470,IR_BIN_2470_2490,IR_BIN_2490_2510,IR_BIN_2510_2530,IR_BIN_2530_2550,IR_BIN_2550_2570,IR_BIN_2570_2590,IR_BIN_2590_2610,IR_BIN_2610_2630,IR_BIN_2630_2650,IR_BIN_2650_2670,IR_BIN_2670_2690,IR_BIN_2690_2710,IR_BIN_2710_2730,IR_BIN_2730_2750,IR_BIN_2750_2770,IR_BIN_2770_2790,IR_BIN_2790_2810,IR_BIN_2810_2830,IR_BIN_2830_2850,IR_BIN_2850_2870,IR_BIN_2870_2890,IR_BIN_2890_2910,IR_BIN_2910_2930,IR_BIN_2930_2950,IR_BIN_2950_2970,IR_BIN_2970_2990,IR_BIN_2990_3010,IR_BIN_3010_3030,IR_BIN_3030_3050,IR_BIN_3050_3070,IR_BIN_3070_3090,IR_BIN_3090_3110,IR_BIN_3110_3130,IR_BIN_3130_3150,IR_BIN_3150_3170,IR_BIN_3170_3190,IR_BIN_3190_3210,IR_BIN_3210_3230,IR_BIN_3230_3250,IR_BIN_3250_3270,IR_BIN_3270_3290,IR_BIN_3290_3310,IR_BIN_3310_3330,IR_BIN_3330_3350,IR_BIN_3350_3370,IR_BIN_3370_3390,IR_BIN_3390_3410,IR_BIN_3410_3430,IR_BIN_3430_3450,IR_BIN_3450_3470,IR_BIN_3470_3490,IR_BIN_3490_3510,IR_BIN_3510_3530,IR_BIN_3530_3550,IR_BIN_3550_3570,IR_BIN_3570_3590,IR_BIN_3590_3610,IR_BIN_3610_3630,IR_BIN_3630_3650,IR_BIN_3650_3670,IR_BIN_3670_3690,IR_BIN_3690_3710,IR_BIN_3710_3730,IR_BIN_3730_3750,IR_BIN_3750_3770,IR_BIN_3770_3790,IR_BIN_3790_3810,IR_BAND_550_650_mean,IR_BAND_550_650_max,IR_BAND_550_650_area,IR_BAND_650_750_mean,IR_BAND_650_750_max,IR_BAND_650_750_area,IR_BAND_750_850_mean,IR_BAND_750_850_max,IR_BAND_750_850_area,IR_BAND_850_950_mean,IR_BAND_850_950_max,IR_BAND_850_950_area,IR_BAND_950_1050_mean,IR_BAND_950_1050_max,IR_BAND_950_1050_area,IR_BAND_1050_1150_mean,IR_BAND_1050_1150_max,IR_BAND_1050_1150_area,IR_BAND_1150_1250_mean,IR_BAND_1150_1250_max,IR_BAND_1150_1250_area,IR_BAND_1250_1350_mean,IR_BAND_1250_1350_max,IR_BAND_1250_1350_area,IR_BAND_1350_1450_mean,IR_BAND_1350_1450_max,IR_BAND_1350_1450_area,IR_BAND_1450_1550_mean,IR_BAND_1450_1550_max,IR_BAND_1450_1550_area,IR_BAND_1550_1650_mean,IR_BAND_1550_1650_max,IR_BAND_1550_1650_area,IR_BAND_1650_1750_mean,IR_BAND_1650_1750_max,IR_BAND_1650_1750_area,IR_BAND_1750_1850_mean,IR_BAND_1750_1850_max,IR_BAND_1750_1850_area,IR_BAND_1850_1950_mean,IR_BAND_1850_1950_max,IR_BAND_1850_1950_area,IR_BAND_1950_2050_mean,IR_BAND_1950_2050_max,IR_BAND_1950_2050_area,IR_BAND_2050_2150_mean,IR_BAND_2050_2150_max,IR_BAND_2050_2150_area,IR_BAND_2150_2250_mean,IR_BAND_2150_2250_max,IR_BAND_2150_2250_area,IR_BAND_2250_2350_mean,IR_BAND_2250_2350_max,IR_BAND_2250_2350_area,IR_BAND_2350_2450_mean,IR_BAND_2350_2450_max,IR_BAND_2350_2450_area,IR_BAND_2450_2550_mean,IR_BAND_2450_2550_max,IR_BAND_2450_2550_area,IR_BAND_2550_2650_mean,IR_BAND_2550_2650_max,IR_BAND_2550_2650_area,IR_BAND_2650_2750_mean,IR_BAND_2650_2750_max,IR_BAND_2650_2750_area,IR_BAND_2750_2850_mean,IR_BAND_2750_2850_max,IR_BAND_2750_2850_area,IR_BAND_2850_2950_mean,IR_BAND_2850_2950_max,IR_BAND_2850_2950_area,IR_BAND_2950_3050_mean,IR_BAND_2950_3050_max,IR_BAND_2950_3050_area,IR_BAND_3050_3150_mean,IR_BAND_3050_3150_max,IR_BAND_3050_3150_area,IR_BAND_3150_3250_mean,IR_BAND_3150_3250_max,IR_BAND_3150_3250_area,IR_BAND_3250_3350_mean,IR_BAND_3250_3350_max,IR_BAND_3250_3350_area,IR_BAND_3350_3450_mean,IR_BAND_3350_3450_max,IR_BAND_3350_3450_area,IR_BAND_3450_3550_mean,IR_BAND_3450_3550_max,IR_BAND_3450_3550_area,IR_BAND_3550_3650_mean,IR_BAND_3550_3650_max,IR_BAND_3550_3650_area,IR_BAND_3650_3750_mean,IR_BAND_3650_3750_max,IR_BAND_3650_3750_area,IR_BAND_3750_3850_mean,IR_BAND_3750_3850_max,IR_BAND_3750_3850_area
BrCC(Br)CBr,FHCLGDLYRUPKAM-UHFFFAOYSA-N,IR,IR_NIST_gas_FHCLGDLYRUPKAM-UHFFFAOYSA-N_001,NIST Chemistry WebBook,NIST Chemistry WebBook,gas,,,True,False,,E:\QSPR Forge\spectra_bank\IR\processed\IR_NIST_gas_FHCLGDLYRUPKAM-UHFFFAOYSA-N_001_processed.csv,0.0212805772209879,0.0214075452519788,0.0215345132829698,0.0216614813139607,0.0217884493449517,0.0219154173759426,0.001652422470146,0.0022967357409987,0.0027130579762469,0.0026808211042358,0.0026485842322248,0.0026163473602137,0.0025841104882026,0.0025518736161916,0.0025196367441805,0.0024873998721694,0.0094586941394568,0.0029147505110003,0.0043005118381075,0.0043949602175083,0.0044894085969092,0.00458385697631,0.0046783053557109,0.0047727537351117,0.0048672021145125,0.0049616504939134,0.0034977006132004,0.0105062510900269,0.006466249939114,0.006199023236917,0.00593179653472,0.005664569832523,0.0053973431303261,0.0051301164281291,0.0048628897259321,0.0045956630237351,0.0013456066268828,0.0013149250425565,0.0018317047232602,0.0017873083293502,0.0017429119354402,0.0016985155415303,0.0016541191476203,0.0016097227537103,0.0015653263598003,0.0015209299658904,0.0007495072742572,0.0007714226916331,0.0005219404080212,0.0005866969316224,0.0006514534552235,0.0007162099788247,0.0007809665024259,0.0008457230260271,0.0009104795496282,0.0009752360732294,0.0006662286882286,0.0006574625212782,0.0004668690850023,0.0005078721239637,0.0005488751629252,0.0005898782018866,0.0006308812408481,0.0006718842798095,0.0007128873187709,0.0007538903577324,0.0006092486030512,0.0033727827341575,0.0046858697094503,0.0046016013948951,0.0045173330803398,0.0044330647657846,0.0043487964512293,0.0042645281366741,0.0041802598221189,0.0040959915075636,0.0076988861241686,0.0046088122741607,0.0035366535002138,0.003372358564789,0.0032080636293642,0.0030437686939393,0.0028794737585145,0.0027151788230897,0.0025508838876649,0.0023865889522401,0.0008481266524489,0.0009248306132647,0.000441206838204,0.0004392273811507,0.0004372479240974,0.0004352684670441,0.0004332890099908,0.0004313095529375,0.0004293300958841,0.0004273506388308,0.0017685741822385,0.0026999794207161,0.0017984781227225,0.0016542605374098,0.0015100429520972,0.0013658253667845,0.0012216077814719,0.0010773901961592,0.0009331726108465,0.0007889550255339,0.0009905768653926,0.0011264524531234,0.000686518123025,0.0006901942575526,0.0006938703920802,0.0006975465266078,0.0007012226611354,0.0007048987956629,0.0007085749301905,0.0007122510647181,0.000501863057909,0.0004733730153203,0.0002125088536518,0.0002591674841942,0.0003058261147365,0.0003524847452788,0.0003991433758212,0.0004458020063635,0.0004924606369058,0.0005391192674481,0.0007933381090091,0.0009423629471655,0.0010822681438977,0.0010438101211477,0.0010053520983976,0.0009668940756476,0.0009284360528975,0.0008899780301475,0.0008515200073975,0.0008130619846474,0.0010497484923076,0.001825554267416,0.0021626275256369,0.0022935544707345,0.0024244814158321,0.0025554083609296,0.0026863353060272,0.0028172622511248,0.0029481891962223,0.0030791161413199,0.0053057225467157,0.0069055480151595,0.0059795862835785,0.0057969106755158,0.0056142350674531,0.0054315594593904,0.0052488838513277,0.005066208243265,0.0048835326352023,0.0047008570271397,0.0064913466267542,0.0073109832366144,0.0058099185361519,0.0059094569479755,0.0060089953597991,0.0061085337716228,0.0062080721834464,0.0063076105952701,0.0064071490070937,0.0065066874189173,0.0053035310049781,0.0125180864051384,0.011981087984533,0.0120102142811746,0.0120393405778162,0.0120684668744578,0.0120975931710993,0.0121267194677409,0.0121558457643825,0.0121849720610241,0.00546570509356,0.0012184972061024,0.0011384705852328,0.0011486506500784,0.001158830714924,0.0011690107797696,0.0011791908446152,0.0011893709094608,0.0011995509743064,0.001209731039152,0.0012820519164926,0.0022616710731972,0.0038957835656002,0.0041285111591537,0.0043612387527073,0.0045939663462609,0.0048266939398144,0.005059421533368,0.0052921491269215,0.0055248767204751,0.0016940617631603,0.0006180147700015,0.0003680376221263,0.0003824593806575,0.0003968811391888,0.0004113028977201,0.0004257246562513,0.0004401464147826,0.0004545681733139,0.0004689899318451,0.0005062461413842,0.0007867634837963,0.0012457147405854,0.001357978233466,0.0014702417263467,0.0015825052192273,0.0016947687121079,0.0018070322049886,0.0019192956978692,0.0020315591907498,0.0119833502211654,0.0084703088158018,0.005041959894362,0.0046522896344388,0.0042626193745156,0.0038729491145923,0.0034832788546691,0.0030936085947459,0.0027039383348227,0.0023142680748995,0.0004667983901075,0.0004930968909587,0.0005485923833461,0.0005378467593424,0.0005271011353388,0.0005163555113351,0.0005056098873314,0.0004948642633277,0.000484118639324,0.0004733730153203,0.000269559633724,0.0001709402555323,0.0001714351197956,0.0001954713840144,0.0002195076482332,0.000243543912452,0.0002675801766707,0.0002916164408895,0.0003156527051083,0.0003396889693271,0.0002410695911353,0.0001336840459932,0.0005119724278599,0.0004757766417422,0.0004395808556245,0.0004033850695068,0.0003671892833891,0.0003309934972714,0.0002947977111538,0.0002586019250361,0.0003068158432631,0.0003659874701782,0.0002911922715209,0.0002937372877323,0.0002962823039437,0.0002988273201551,0.0003013723363665,0.0003039173525779,0.0003064623687893,0.0003090073850007,0.0002827088841496,0.0004273506388308,0.0002554206547718,0.0002687112949869,0.000282001935202,0.0002952925754171,0.0003085832156322,0.0003218738558473,0.0003351644960624,0.0003484551362774,0.0001490248381564,0.0002892835093624,0.0001664864771624,0.0001605481060024,0.0001546097348425,0.0001486713636826,0.0001427329925226,0.0001367946213627,0.0001308562502028,0.0001249178790428,0.0003133904684759,0.0002366865076601,0.0003011602516823,0.000299463574208,0.0002977668967337,0.0002960702192595,0.0002943735417852,0.0002926768643109,0.0002909801868367,0.0002892835093624,0.0003221566354263,0.0004120098466677,0.0002748617508311,0.0002731650733569,0.0002714683958826,0.0002697717184083,0.0002680750409341,0.0002663783634598,0.0002646816859855,0.0002629850085113,0.0003594128449654,0.0002542188415609,0.0003495862545936,0.0003569385236488,0.0003642907927039,0.0003716430617591,0.0003789953308142,0.0003863475998694,0.0003936998689245,0.0004010521379797,0.0003199650936887,0.0002892835093624,0.0002116605149147,0.0002308895262897,0.0002501185376647,0.0002693475490398,0.0002885765604148,0.0003078055717898,0.0003270345831648,0.0003462635945398,0.0003111989267383,0.0002366865076601,0.0002346363557121,0.0002465130980319,0.0002583898403518,0.0002702665826717,0.0002821433249915,0.0002940200673114,0.0003058968096313,0.0003177735519511,0.0002827088841496,0.0002870919676248,0.0003741880779705,0.0003529796095421,0.0003317711411138,0.0003105626726855,0.0002893542042572,0.0002681457358288,0.0002469372674005,0.0002257287989722,0.0002038133815962,0.0002235372572346,0.0002477149112429,0.0002711856163036,0.0002946563213642,0.0003181270264249,0.0003415977314856,0.0003650684365463,0.000388539141607,0.0004120098466677,0.0002542188415609,0.0003528382197526,0.0002595916535627,0.0002463010133476,0.0002330103731326,0.0002197197329175,0.0002064290927024,0.0001931384524873,0.0001798478122722,0.0001665571720571,0.0003133904684759,0.0002564103832985,0.0004184430820909,0.0003978001728207,0.0003771572635504,0.0003565143542802,0.00033587144501,0.0003152285357397,0.0002945856264695,0.0002739427171992,0.0002761342589368,0.0002520272998233,0.0002801638679382,0.0002767705129897,0.0002733771580411,0.0002699838030926,0.0002665904481441,0.0002631970931955,0.000259803738247,0.0002564103832985,0.0003791367206038,0.0004054352214549,0.0002079136854924,0.0002279910356045,0.0002480683857167,0.0002681457358288,0.000288223085941,0.0003083004360531,0.0003283777861653,0.0003484551362774,0.0002454526746105,0.0002783258006744,0.0002887179502043,0.0002850418156767,0.0002813656811491,0.0002776895466216,0.000274013412094,0.0002703372775664,0.0002666611430388,0.0002629850085113,0.0003396889693271,0.0002476442163481,0.0001937040116454,0.0002123674638623,0.0002310309160792,0.0002496943682962,0.0002683578205131,0.00028702127273,0.000305684724947,0.0003243481771639,0.0001840895059579,0.0003111989267383,0.0003177028570564,0.0003205306528468,0.0003233584486372,0.0003261862444277,0.0003290140402181,0.0003318418360086,0.000334669631799,0.0003374974275895,0.0004558406814196,0.0004580322231572,0.0004367530598341,0.0004376013985712,0.0004384497373083,0.0004392980760455,0.0004401464147826,0.0004409947535197,0.0004418430922569,0.000442691430994,0.0003396889693271,0.0004339252640436,0.0005034890404885,0.0004910467390106,0.0004786044375326,0.0004661621360547,0.0004537198345767,0.0004412775330988,0.0004288352316208,0.0004163929301429,0.0002980496763128,4.821391822707385e-05,0.0001855740987479,0.0001875535558012,0.0001895330128545,0.0001915124699078,0.0001934919269611,0.0001954713840144,0.0001974508410677,0.000199430298121,0.0002739427171992,0.000302432759788,0.0004232503349347,0.0004031729848225,0.0003830956347104,0.0003630182845982,0.0003429409344861,0.0003228635843739,0.0003027862342618,0.0002827088841496,0.0002235372572346,0.0004076267631925,0.0002843348667291,0.0002894248991519,0.0002945149315747,0.0002996049639975,0.0003046949964203,0.0003097850288431,0.0003148750612659,0.0003199650936887,0.0003243481771639,0.0003221566354263,0.0002940200673114,0.0002974134222599,0.0003008067772085,0.000304200132157,0.0003075934871055,0.0003109868420541,0.0003143801970026,0.0003177735519511,0.0003353058858519,0.000199430298121,0.0001596290723705,0.000156235717422,0.0001528423624735,0.0001494490075249,0.0001460556525764,0.0001426622976279,0.0001392689426793,0.0001358755877308,0.0002235372572346,0.0002607934667737,0.0002172454116008,0.0002147003953894,0.000212155379178,0.0002096103629666,0.0002070653467552,0.0002045203305438,0.0002019753143324,0.000199430298121,0.0002301118824473,0.0002081964650714,0.0001622447834767,0.000176949321587,0.0001916538596973,0.0002063583978076,0.0002210629359179,0.0002357674740282,0.0002504720121385,0.0002651765502489,0.0002454526746105,9.204475297895916e-05,0.0002801638679382,0.0002855366799401,0.0002909094919419,0.0002962823039437,0.0003016551159456,0.0003070279279474,0.0003124007399493,0.0003177735519511,0.0003922859710293,0.0003703705536534,0.0002793155292011,0.000266024888986,0.0002527342487709,0.0002394436085558,0.0002261529683407,0.0002128623281256,0.0001995716879106,0.0001862810476955,5.698008517745092e-05,0.00011834325383,0.0002040254662805,0.0002218405797603,0.0002396556932401,0.0002574708067199,0.0002752859201997,0.0002931010336795,0.0003109161471593,0.0003287312606391,9.204475297895916e-05,0.0001424502129436,0.0001440761955231,0.0001316338940451,0.0001191915925672,0.0001067492910892,9.430698961131454e-05,8.186468813336e-05,6.942238665540545e-05,5.698008517745092e-05,0.0001687487137947,0.0002454526746105,0.0002036719918067,0.0002093275833876,0.0002149831749685,0.0002206387665494,0.0002262943581302,0.0002319499497111,0.000237605541292,0.0002432611328729,0.0002542188415609,0.0005303531004978,0.0003478895771193,0.000326681108691,0.0003054726402627,0.0002842641718344,0.000263055703406,0.0002418472349777,0.0002206387665494,0.000199430298121,0.000431733722306,0.0002607934667737,0.0002836986126763,0.0002791741394116,0.0002746496661468,0.0002701251928821,0.0002656007196174,0.0002610762463527,0.000256551773088,0.0002520272998233,0.0002169626320218,0.0002892835093624,0.0001975922308572,0.0002009855858058,0.0002043789407543,0.0002077722957028,0.0002111656506514,0.0002145590055999,0.0002179523605484,0.000221345715497,0.0006245893952143,0.0026583401277018,0.0034884395819867,0.0035783634881228,0.0036682873942589,0.0037582113003951,0.0038481352065312,0.0039380591126673,0.0040279830188035,0.0041179069249396,0.0022244148636581,0.0006004824361008,0.0005063875311737,0.0004919657726425,0.0004775440141112,0.00046312225558,0.0004487004970487,0.0004342787385174,0.0004198569799862,0.0004054352214549,0.0007955296507467,0.000361604386703,0.0002313136956583,0.0002621366697741,0.00029295964389,0.0003237826180058,0.0003546055921217,0.0003854285662375,0.0004162515403533,0.0004470745144692,0.0001008109199293,0.0003703705536534,0.0003118351807912,0.0003039173525779,0.0002959995243647,0.0002880816961515,0.0002801638679382,0.000272246039725,0.0002643282115117,0.0002564103832985,0.0003133904684759,9.204475297895916e-05,0.0002691354643555,0.0002510375712966,0.0002329396782378,0.0002148417851789,0.0001967438921201,0.0001786459990613,0.0001605481060024,0.0001424502129436,0.0001972387563834,0.0002761342589368,0.0003372853429052,0.000310704062475,0.0002841227820448,0.0002575415016147,0.0002309602211845,0.0002043789407543,0.0001777976603241,0.000151216379894,0.000199430298121,0.000280517342412,0.0001447831444707,0.0001654260537409,0.0001860689630112,0.0002067118722814,0.0002273547815517,0.0002479976908219,0.0002686406000922,0.0002892835093624,0.0002914750511,0.0002607934667737,0.0003979415626102,0.000364573572283,0.0003312055819557,0.0002978375916285,0.0002644696013012,0.000231101610974,0.0001977336206468,0.0001643656303195,0.0002827088841496,0.0002344949659225,0.0001968145870149,0.0002137813617575,0.0002307481365002,0.0002477149112429,0.0002646816859855,0.0002816484607282,0.0002986152354709,0.0003155820102135,0.000221345715497,0.0003703705536534,0.000216891937127,0.0002372520668182,0.0002576121965094,0.0002779723262006,0.0002983324558918,0.000318692585583,0.0003390527152742,0.0003594128449654,0.0004996715161714,0.0003747536371286,0.0002330103731326,0.0002573294169304,0.0002816484607282,0.000305967504526,0.0003302865483238,0.0003546055921217,0.0003789246359195,0.0004032436797173,0.0001775148807451,0.000210388006809,0.0002592381790889,0.0002600865178261,0.0002609348565632,0.0002617831953003,0.0002626315340375,0.0002634798727746,0.0002643282115117,0.0002651765502489,0.0003966690545045,0.0002498357580857,0.0003036345729989,0.0003081590462636,0.0003126835195283,0.000317207992793,0.0003217324660577,0.0003262569393225,0.0003307814125872,0.0003353058858519,0.0003791367206038,0.0002257287989722,0.0004396515505193,0.0004297542652527,0.0004198569799862,0.0004099596947196,0.000400062409453,0.0003901651241865,0.0003802678389199,0.0003703705536534,0.0002761342589368,0.0003572213032278,0.0002874454420986,0.0002733064631464,0.0002591674841942,0.0002450285052419,0.0002308895262897,0.0002167505473375,0.0002026115683853,0.0001884725894331,0.0001797064224827,0.0003572213032278,0.0004990352621186,0.0004981869233815,0.0004973385846443,0.0004964902459072,0.0004956419071701,0.0004947935684329,0.0004939452296958,0.0004930968909587,0.0004273506388308,0.0002783258006744,0.0002801638679382,0.0002504720121385,0.0002207801563389,0.0001910883005392,0.0001613964447396,0.0001317045889399,0.0001020127331402,7.232087734061078e-05,0.0003462635945398,0.0006552709795406,0.0005059633618052,0.0004909760441158,0.0004759887264265,0.0004610014087371,0.0004460140910478,0.0004310267733584,0.0004160394556691,0.0004010521379797,0.000361604386703,0.0004646068483699,0.000347394712856,0.0003547469819112,0.0003620992509663,0.0003694515200215,0.0003768037890766,0.0003841560581318,0.000391508327187,0.0003988605962421,0.0006223978534767,0.0004295421805684,0.000422260606408,0.0004242400634613,0.0004262195205147,0.000428198977568,0.0004301784346213,0.0004321578916746,0.0004341373487279,0.0004361168057812,0.0002673680919865,0.0004032436797173,0.0003994261554002,0.000385569956027,0.0003717137566538,0.0003578575572807,0.0003440013579075,0.0003301451585343,0.0003162889591611,0.000302432759788,0.0006136316865263,0.000302432759788,0.0003735518239176,0.0004216243523552,0.0004696968807927,0.0005177694092303,0.0005658419376678,IR,550.0,3798.0,4.0,sum,False,True,False,False,20.0,0.1,100.0,2026-06-25 09:53:00,,,,,,,,,,,,,,,,,,,,,,,,,,,,,,,,,,,,,,,,,,,,,,,,,,,,,,,,,,,,,,,,,,,,,,,,,,,,,,,,,,,,,,,,,,,,,,,,,,,,,,,,,,,,,,,,,,,,,,,,,,,,,,,,,,,,,,,,,,,,,,,,,,,,,,,,,,,,,,,,,,,,,,,,,,,,,,,,,,,,,,,,,,,,,,,,,,,,,,,,,,,,,,,,,,,,,,,,,,,,,,,,,,,,,,,,,,,,,,,,,,,,,,,,,,,,,,,,,,,,,,
BrCC(Br)CBr,FHCLGDLYRUPKAM-UHFFFAOYSA-N,IR,IR_NIST_gas_FHCLGDLYRUPKAM-UHFFFAOYSA-N_001,NIST Chemistry WebBook,NIST Chemistry WebBook,gas,,,True,False,,E:\QSPR Forge\spectra_bank\IR\processed\IR_NIST_gas_FHCLGDLYRUPKAM-UHFFFAOYSA-N_001_processed.csv,0.0212805772209879,0.0214075452519788,0.0215345132829698,0.0216614813139607,0.0217884493449517,0.0219154173759426,0.001652422470146,0.0022967357409987,0.0027130579762469,0.0026808211042358,0.0026485842322248,0.0026163473602137,0.0025841104882026,0.0025518736161916,0.0025196367441805,0.0024873998721694,0.0094586941394568,0.0029147505110003,0.0043005118381075,0.0043949602175083,0.0044894085969092,0.00458385697631,0.0046783053557109,0.0047727537351117,0.0048672021145125,0.0049616504939134,0.0034977006132004,0.0105062510900269,0.006466249939114,0.006199023236917,0.00593179653472,0.005664569832523,0.0053973431303261,0.0051301164281291,0.0048628897259321,0.0045956630237351,0.0013456066268828,0.0013149250425565,0.0018317047232602,0.0017873083293502,0.0017429119354402,0.0016985155415303,0.0016541191476203,0.0016097227537103,0.0015653263598003,0.0015209299658904,0.0007495072742572,0.0007714226916331,0.0005219404080212,0.0005866969316224,0.0006514534552235,0.0007162099788247,0.0007809665024259,0.0008457230260271,0.0009104795496282,0.0009752360732294,0.0006662286882286,0.0006574625212782,0.0004668690850023,0.0005078721239637,0.0005488751629252,0.0005898782018866,0.0006308812408481,0.0006718842798095,0.0007128873187709,0.0007538903577324,0.0006092486030512,0.0033727827341575,0.0046858697094503,0.0046016013948951,0.0045173330803398,0.0044330647657846,0.0043487964512293,0.0042645281366741,0.0041802598221189,0.0040959915075636,0.0076988861241686,0.0046088122741607,0.0035366535002138,0.003372358564789,0.0032080636293642,0.0030437686939393,0.0028794737585145,0.0027151788230897,0.0025508838876649,0.0023865889522401,0.0008481266524489,0.0009248306132647,0.000441206838204,0.0004392273811507,0.0004372479240974,0.0004352684670441,0.0004332890099908,0.0004313095529375,0.0004293300958841,0.0004273506388308,0.0017685741822385,0.0026999794207161,0.0017984781227225,0.0016542605374098,0.0015100429520972,0.0013658253667845,0.0012216077814719,0.0010773901961592,0.0009331726108465,0.0007889550255339,0.0009905768653926,0.0011264524531234,0.000686518123025,0.0006901942575526,0.0006938703920802,0.0006975465266078,0.0007012226611354,0.0007048987956629,0.0007085749301905,0.0007122510647181,0.000501863057909,0.0004733730153203,0.0002125088536518,0.0002591674841942,0.0003058261147365,0.0003524847452788,0.0003991433758212,0.0004458020063635,0.0004924606369058,0.0005391192674481,0.0007933381090091,0.0009423629471655,0.0010822681438977,0.0010438101211477,0.0010053520983976,0.0009668940756476,0.0009284360528975,0.0008899780301475,0.0008515200073975,0.0008130619846474,0.0010497484923076,0.001825554267416,0.0021626275256369,0.0022935544707345,0.0024244814158321,0.0025554083609296,0.0026863353060272,0.0028172622511248,0.0029481891962223,0.0030791161413199,0.0053057225467157,0.0069055480151595,0.0059795862835785,0.0057969106755158,0.0056142350674531,0.0054315594593904,0.0052488838513277,0.005066208243265,0.0048835326352023,0.0047008570271397,0.0064913466267542,0.0073109832366144,0.0058099185361519,0.0059094569479755,0.0060089953597991,0.0061085337716228,0.0062080721834464,0.0063076105952701,0.0064071490070937,0.0065066874189173,0.0053035310049781,0.0125180864051384,0.011981087984533,0.0120102142811746,0.0120393405778162,0.0120684668744578,0.0120975931710993,0.0121267194677409,0.0121558457643825,0.0121849720610241,0.00546570509356,0.0012184972061024,0.0011384705852328,0.0011486506500784,0.001158830714924,0.0011690107797696,0.0011791908446152,0.0011893709094608,0.0011995509743064,0.001209731039152,0.0012820519164926,0.0022616710731972,0.0038957835656002,0.0041285111591537,0.0043612387527073,0.0045939663462609,0.0048266939398144,0.005059421533368,0.0052921491269215,0.0055248767204751,0.0016940617631603,0.0006180147700015,0.0003680376221263,0.0003824593806575,0.0003968811391888,0.0004113028977201,0.0004257246562513,0.0004401464147826,0.0004545681733139,0.0004689899318451,0.0005062461413842,0.0007867634837963,0.0012457147405854,0.001357978233466,0.0014702417263467,0.0015825052192273,0.0016947687121079,0.0018070322049886,0.0019192956978692,0.0020315591907498,0.0119833502211654,0.0084703088158018,0.005041959894362,0.0046522896344388,0.0042626193745156,0.0038729491145923,0.0034832788546691,0.0030936085947459,0.0027039383348227,0.0023142680748995,0.0004667983901075,0.0004930968909587,0.0005485923833461,0.0005378467593424,0.0005271011353388,0.0005163555113351,0.0005056098873314,0.0004948642633277,0.000484118639324,0.0004733730153203,0.000269559633724,0.0001709402555323,0.0001714351197956,0.0001954713840144,0.0002195076482332,0.000243543912452,0.0002675801766707,0.0002916164408895,0.0003156527051083,0.0003396889693271,0.0002410695911353,0.0001336840459932,0.0005119724278599,0.0004757766417422,0.0004395808556245,0.0004033850695068,0.0003671892833891,0.0003309934972714,0.0002947977111538,0.0002586019250361,0.0003068158432631,0.0003659874701782,0.0002911922715209,0.0002937372877323,0.0002962823039437,0.0002988273201551,0.0003013723363665,0.0003039173525779,0.0003064623687893,0.0003090073850007,0.0002827088841496,0.0004273506388308,0.0002554206547718,0.0002687112949869,0.000282001935202,0.0002952925754171,0.0003085832156322,0.0003218738558473,0.0003351644960624,0.0003484551362774,0.0001490248381564,0.0002892835093624,0.0001664864771624,0.0001605481060024,0.0001546097348425,0.0001486713636826,0.0001427329925226,0.0001367946213627,0.0001308562502028,0.0001249178790428,0.0003133904684759,0.0002366865076601,0.0003011602516823,0.000299463574208,0.0002977668967337,0.0002960702192595,0.0002943735417852,0.0002926768643109,0.0002909801868367,0.0002892835093624,0.0003221566354263,0.0004120098466677,0.0002748617508311,0.0002731650733569,0.0002714683958826,0.0002697717184083,0.0002680750409341,0.0002663783634598,0.0002646816859855,0.0002629850085113,0.0003594128449654,0.0002542188415609,0.0003495862545936,0.0003569385236488,0.0003642907927039,0.0003716430617591,0.0003789953308142,0.0003863475998694,0.0003936998689245,0.0004010521379797,0.0003199650936887,0.0002892835093624,0.0002116605149147,0.0002308895262897,0.0002501185376647,0.0002693475490398,0.0002885765604148,0.0003078055717898,0.0003270345831648,0.0003462635945398,0.0003111989267383,0.0002366865076601,0.0002346363557121,0.0002465130980319,0.0002583898403518,0.0002702665826717,0.0002821433249915,0.0002940200673114,0.0003058968096313,0.0003177735519511,0.0002827088841496,0.0002870919676248,0.0003741880779705,0.0003529796095421,0.0003317711411138,0.0003105626726855,0.0002893542042572,0.0002681457358288,0.0002469372674005,0.0002257287989722,0.0002038133815962,0.0002235372572346,0.0002477149112429,0.0002711856163036,0.0002946563213642,0.0003181270264249,0.0003415977314856,0.0003650684365463,0.000388539141607,0.0004120098466677,0.0002542188415609,0.0003528382197526,0.0002595916535627,0.0002463010133476,0.0002330103731326,0.0002197197329175,0.0002064290927024,0.0001931384524873,0.0001798478122722,0.0001665571720571,0.0003133904684759,0.0002564103832985,0.0004184430820909,0.0003978001728207,0.0003771572635504,0.0003565143542802,0.00033587144501,0.0003152285357397,0.0002945856264695,0.0002739427171992,0.0002761342589368,0.0002520272998233,0.0002801638679382,0.0002767705129897,0.0002733771580411,0.0002699838030926,0.0002665904481441,0.0002631970931955,0.000259803738247,0.0002564103832985,0.0003791367206038,0.0004054352214549,0.0002079136854924,0.0002279910356045,0.0002480683857167,0.0002681457358288,0.000288223085941,0.0003083004360531,0.0003283777861653,0.0003484551362774,0.0002454526746105,0.0002783258006744,0.0002887179502043,0.0002850418156767,0.0002813656811491,0.0002776895466216,0.000274013412094,0.0002703372775664,0.0002666611430388,0.0002629850085113,0.0003396889693271,0.0002476442163481,0.0001937040116454,0.0002123674638623,0.0002310309160792,0.0002496943682962,0.0002683578205131,0.00028702127273,0.000305684724947,0.0003243481771639,0.0001840895059579,0.0003111989267383,0.0003177028570564,0.0003205306528468,0.0003233584486372,0.0003261862444277,0.0003290140402181,0.0003318418360086,0.000334669631799,0.0003374974275895,0.0004558406814196,0.0004580322231572,0.0004367530598341,0.0004376013985712,0.0004384497373083,0.0004392980760455,0.0004401464147826,0.0004409947535197,0.0004418430922569,0.000442691430994,0.0003396889693271,0.0004339252640436,0.0005034890404885,0.0004910467390106,0.0004786044375326,0.0004661621360547,0.0004537198345767,0.0004412775330988,0.0004288352316208,0.0004163929301429,0.0002980496763128,4.821391822707385e-05,0.0001855740987479,0.0001875535558012,0.0001895330128545,0.0001915124699078,0.0001934919269611,0.0001954713840144,0.0001974508410677,0.000199430298121,0.0002739427171992,0.000302432759788,0.0004232503349347,0.0004031729848225,0.0003830956347104,0.0003630182845982,0.0003429409344861,0.0003228635843739,0.0003027862342618,0.0002827088841496,0.0002235372572346,0.0004076267631925,0.0002843348667291,0.0002894248991519,0.0002945149315747,0.0002996049639975,0.0003046949964203,0.0003097850288431,0.0003148750612659,0.0003199650936887,0.0003243481771639,0.0003221566354263,0.0002940200673114,0.0002974134222599,0.0003008067772085,0.000304200132157,0.0003075934871055,0.0003109868420541,0.0003143801970026,0.0003177735519511,0.0003353058858519,0.000199430298121,0.0001596290723705,0.000156235717422,0.0001528423624735,0.0001494490075249,0.0001460556525764,0.0001426622976279,0.0001392689426793,0.0001358755877308,0.0002235372572346,0.0002607934667737,0.0002172454116008,0.0002147003953894,0.000212155379178,0.0002096103629666,0.0002070653467552,0.0002045203305438,0.0002019753143324,0.000199430298121,0.0002301118824473,0.0002081964650714,0.0001622447834767,0.000176949321587,0.0001916538596973,0.0002063583978076,0.0002210629359179,0.0002357674740282,0.0002504720121385,0.0002651765502489,0.0002454526746105,9.204475297895916e-05,0.0002801638679382,0.0002855366799401,0.0002909094919419,0.0002962823039437,0.0003016551159456,0.0003070279279474,0.0003124007399493,0.0003177735519511,0.0003922859710293,0.0003703705536534,0.0002793155292011,0.000266024888986,0.0002527342487709,0.0002394436085558,0.0002261529683407,0.0002128623281256,0.0001995716879106,0.0001862810476955,5.698008517745092e-05,0.00011834325383,0.0002040254662805,0.0002218405797603,0.0002396556932401,0.0002574708067199,0.0002752859201997,0.0002931010336795,0.0003109161471593,0.0003287312606391,9.204475297895916e-05,0.0001424502129436,0.0001440761955231,0.0001316338940451,0.0001191915925672,0.0001067492910892,9.430698961131454e-05,8.186468813336e-05,6.942238665540545e-05,5.698008517745092e-05,0.0001687487137947,0.0002454526746105,0.0002036719918067,0.0002093275833876,0.0002149831749685,0.0002206387665494,0.0002262943581302,0.0002319499497111,0.000237605541292,0.0002432611328729,0.0002542188415609,0.0005303531004978,0.0003478895771193,0.000326681108691,0.0003054726402627,0.0002842641718344,0.000263055703406,0.0002418472349777,0.0002206387665494,0.000199430298121,0.000431733722306,0.0002607934667737,0.0002836986126763,0.0002791741394116,0.0002746496661468,0.0002701251928821,0.0002656007196174,0.0002610762463527,0.000256551773088,0.0002520272998233,0.0002169626320218,0.0002892835093624,0.0001975922308572,0.0002009855858058,0.0002043789407543,0.0002077722957028,0.0002111656506514,0.0002145590055999,0.0002179523605484,0.000221345715497,0.0006245893952143,0.0026583401277018,0.0034884395819867,0.0035783634881228,0.0036682873942589,0.0037582113003951,0.0038481352065312,0.0039380591126673,0.0040279830188035,0.0041179069249396,0.0022244148636581,0.0006004824361008,0.0005063875311737,0.0004919657726425,0.0004775440141112,0.00046312225558,0.0004487004970487,0.0004342787385174,0.0004198569799862,0.0004054352214549,0.0007955296507467,0.000361604386703,0.0002313136956583,0.0002621366697741,0.00029295964389,0.0003237826180058,0.0003546055921217,0.0003854285662375,0.0004162515403533,0.0004470745144692,0.0001008109199293,0.0003703705536534,0.0003118351807912,0.0003039173525779,0.0002959995243647,0.0002880816961515,0.0002801638679382,0.000272246039725,0.0002643282115117,0.0002564103832985,0.0003133904684759,9.204475297895916e-05,0.0002691354643555,0.0002510375712966,0.0002329396782378,0.0002148417851789,0.0001967438921201,0.0001786459990613,0.0001605481060024,0.0001424502129436,0.0001972387563834,0.0002761342589368,0.0003372853429052,0.000310704062475,0.0002841227820448,0.0002575415016147,0.0002309602211845,0.0002043789407543,0.0001777976603241,0.000151216379894,0.000199430298121,0.000280517342412,0.0001447831444707,0.0001654260537409,0.0001860689630112,0.0002067118722814,0.0002273547815517,0.0002479976908219,0.0002686406000922,0.0002892835093624,0.0002914750511,0.0002607934667737,0.0003979415626102,0.000364573572283,0.0003312055819557,0.0002978375916285,0.0002644696013012,0.000231101610974,0.0001977336206468,0.0001643656303195,0.0002827088841496,0.0002344949659225,0.0001968145870149,0.0002137813617575,0.0002307481365002,0.0002477149112429,0.0002646816859855,0.0002816484607282,0.0002986152354709,0.0003155820102135,0.000221345715497,0.0003703705536534,0.000216891937127,0.0002372520668182,0.0002576121965094,0.0002779723262006,0.0002983324558918,0.000318692585583,0.0003390527152742,0.0003594128449654,0.0004996715161714,0.0003747536371286,0.0002330103731326,0.0002573294169304,0.0002816484607282,0.000305967504526,0.0003302865483238,0.0003546055921217,0.0003789246359195,0.0004032436797173,0.0001775148807451,0.000210388006809,0.0002592381790889,0.0002600865178261,0.0002609348565632,0.0002617831953003,0.0002626315340375,0.0002634798727746,0.0002643282115117,0.0002651765502489,0.0003966690545045,0.0002498357580857,0.0003036345729989,0.0003081590462636,0.0003126835195283,0.000317207992793,0.0003217324660577,0.0003262569393225,0.0003307814125872,0.0003353058858519,0.0003791367206038,0.0002257287989722,0.0004396515505193,0.0004297542652527,0.0004198569799862,0.0004099596947196,0.000400062409453,0.0003901651241865,0.0003802678389199,0.0003703705536534,0.0002761342589368,0.0003572213032278,0.0002874454420986,0.0002733064631464,0.0002591674841942,0.0002450285052419,0.0002308895262897,0.0002167505473375,0.0002026115683853,0.0001884725894331,0.0001797064224827,0.0003572213032278,0.0004990352621186,0.0004981869233815,0.0004973385846443,0.0004964902459072,0.0004956419071701,0.0004947935684329,0.0004939452296958,0.0004930968909587,0.0004273506388308,0.0002783258006744,0.0002801638679382,0.0002504720121385,0.0002207801563389,0.0001910883005392,0.0001613964447396,0.0001317045889399,0.0001020127331402,7.232087734061078e-05,0.0003462635945398,0.0006552709795406,0.0005059633618052,0.0004909760441158,0.0004759887264265,0.0004610014087371,0.0004460140910478,0.0004310267733584,0.0004160394556691,0.0004010521379797,0.000361604386703,0.0004646068483699,0.000347394712856,0.0003547469819112,0.0003620992509663,0.0003694515200215,0.0003768037890766,0.0003841560581318,0.000391508327187,0.0003988605962421,0.0006223978534767,0.0004295421805684,0.000422260606408,0.0004242400634613,0.0004262195205147,0.000428198977568,0.0004301784346213,0.0004321578916746,0.0004341373487279,0.0004361168057812,0.0002673680919865,0.0004032436797173,0.0003994261554002,0.000385569956027,0.0003717137566538,0.0003578575572807,0.0003440013579075,0.0003301451585343,0.0003162889591611,0.000302432759788,0.0006136316865263,0.000302432759788,0.0003735518239176,0.0004216243523552,0.0004696968807927,0.0005177694092303,0.0005658419376678,IR,550.0,3798.0,4.0,sum,False,True,True,True,20.0,0.1,100.0,2026-06-25 20:10:55,1.0,1.0,1.0,1.0,1.0,1.0,1.0,1.0,0.0,0.0,0.0,0.0,0.0,1.0,1.0,1.0,1.0,1.0,0.0,1.0,0.0,0.0,0.0,0.0,0.0,0.0,0.0,1.0,1.0,1.0,1.0,1.0,1.0,1.0,1.0,1.0,0.0,1.0,1.0,1.0,0.0,0.0,0.0,1.0,1.0,1.0,0.0,0.0,0.0,0.0,0.0,0.0,0.0,0.0,0.0,0.0,0.0,0.0,0.0,0.0,0.0,0.0,0.0,0.0,0.0,0.0,0.0,0.0,0.0,0.0,0.0,0.0,0.0,0.0,0.0,0.0,0.0,0.0,0.0,0.0,0.0,0.0,0.0,0.0,0.0,0.0,0.0,0.0,0.0,0.0,0.0,0.0,0.0,0.0,0.0,0.0,0.0,0.0,0.0,0.0,0.0,0.0,0.0,0.0,0.0,0.0,0.0,0.0,0.0,0.0,0.0,0.0,0.0,0.0,0.0,0.0,0.0,0.0,0.0,1.0,1.0,1.0,0.0,0.0,0.0,0.0,0.0,0.0,0.0,0.0,0.0,0.0,0.0,0.0,0.0,0.0,0.0,0.0,0.0,0.0,0.0,0.0,0.0,0.0,0.0,0.0,0.0,0.0,0.0,0.0,0.0,0.0,0.0,0.0,0.0,0.0,0.0,0.0,0.0,0.0,0.0,0.0,0.0,0.0079519766752092,0.0219154173759426,0.7429021088499195,0.0032765556712045,0.0105062510900269,0.3165588722693833,0.0018440112905402,0.0046858697094503,0.1747377024993402,0.0021306055661059,0.0076988861241686,0.2015600525206512,0.0007220691717025,0.0015100429520972,0.0682019099922497,0.0023074474314529,0.0069055480151595,0.2180726832593712,0.0078525966199498,0.0125180864051384,0.7497195003313118,0.0029020367411265,0.0121849720610241,0.2650688112292902,0.0025825608561095,0.0119833502211654,0.2520544466629288,0.0004483809561244,0.0023142680748995,0.0392580061791579,0.0003178103132964,0.0004395808556245,0.0302315406262705,0.0002458570494085,0.0004120098466677,0.0233424645215903,0.0003085690766532,0.0004010521379797,0.0296599017072322,0.0002807803274205,0.0003741880779705,0.0268431343203707,0.000299882087985,0.0004184430820909,0.0288097249028351,0.0002822394700484,0.0004054352214549,0.0271059779390925,0.0002828474461433,0.0003396889693271,0.0270526739884426,0.0003976672664185,0.0005034890404885,0.0387166246750774,0.0002918200421864,0.0004232503349347,0.0281731880704061,0.0002418670295482,0.0003353058858519,0.0231173719766709,0.0002317689707805,0.0003124007399493,0.022127784839805,0.0002303748674559,0.0003922859710293,0.0221386718535982,0.0002201948026103,0.0005303531004978,0.0213398195427977,0.000622663666281,0.0035783634881228,0.0547107790556194,0.0013301753452544,0.0041179069249396,0.1248484566562177,0.0002545751438305,0.0004470745144692,0.0239419572291645,0.0002463745360382,0.0003979415626102,0.0236737407984408,0.0002797142484075,0.0004996715161714,0.027128034746258,0.0002962879595353,0.0004032436797173,0.0284039362069064,0.0003300574968648,0.0004990352621186,0.0313387640680189,0.0003726186513068,0.0006552709795406,0.0354351090500564,0.0004061336870151,0.0006223978534767,0.0390401245135042,0.0004066914153541,0.0006136316865263,0.0192728422097725
CC(=O)C(F)(F)F,FHUDAMLDXFJHJE-UHFFFAOYSA-N,IR,IR_NIST_gas_FHUDAMLDXFJHJE-UHFFFAOYSA-N_001,NIST Chemistry WebBook,NIST Chemistry WebBook,gas,,,True,False,,E:\QSPR Forge\spectra_bank\IR\processed\IR_NIST_gas_FHUDAMLDXFJHJE-UHFFFAOYSA-N_001_processed.csv,0.0009656538144254,0.0017920306363856,0.0009247992299689,0.0006970439072366,0.0007078266421371,0.0007186093770376,0.0007293921119382,0.0007401748468387,0.0007509575817392,0.0007617403166398,0.0007725230515403,0.0023194261811872,0.0021188673120373,0.001766511497121,0.0017324859781015,0.0016984604590821,0.0016644349400626,0.0016304094210432,0.0015963839020237,0.0015623583830043,0.0015283328639848,0.0004735417743816,0.0004104028711308,0.0004575473842792,0.0004213653182796,0.0003851832522801,0.0003490011862805,0.0003128191202809,0.0002766370542814,0.0002404549882818,0.0002042729222823,0.0005273955448015,0.0002599837192683,0.0003736217643034,0.0003666728907008,0.0003597240170983,0.0003527751434957,0.0003458262698931,0.0003388773962906,0.000331928522688,0.0003249796490854,0.0002376994004739,0.000165275364392,0.000213078822451,0.0002173919164112,0.0002217050103714,0.0002260181043317,0.0002303311982919,0.0002346442922521,0.0002389573862123,0.0002432704801725,0.0005849633683538,0.0005923914746186,0.0004333461348358,0.0004218445509419,0.000410342967048,0.0003988413831541,0.0003873397992602,0.0003758382153663,0.0003643366314724,0.0003528350475785,0.0003602631538433,0.0001689894175244,0.0002545923518181,0.0002845443932084,0.0003144964345988,0.0003444484759892,0.0003744005173795,0.0004043525587699,0.0004343046001603,0.0004642566415506,0.0006016766074496,0.0003175515428206,0.0004809698806465,0.0004883979869113,0.0004958260931761,0.0005032541994409,0.0005106823057057,0.0005181104119705,0.0005255385182353,0.0005329666245001,0.0003231226225192,0.0004085458445646,0.0004579068087759,0.0004593445067626,0.0004607822047493,0.0004622199027361,0.0004636576007228,0.0004650952987096,0.0004665329966963,0.000467970694683,0.0004958260931761,0.0009452265221971,0.0011908332615981,0.001223660698962,0.0012564881363258,0.0012893155736897,0.0013221430110535,0.0013549704484174,0.0013877978857812,0.001420625323145,0.0023064269952237,0.0021504367636627,0.0018636160153086,0.0018451655578121,0.0018267151003156,0.0018082646428192,0.0017898141853227,0.0017713637278262,0.0017529132703298,0.0017344628128333,0.001923879522586,0.0023695658984746,0.0022709038741348,0.0022953447399093,0.0023197856056838,0.0023442264714584,0.0023686673372329,0.0023931082030075,0.002417549068782,0.0024419899345565,0.001942449788248,0.0012850623838122,0.0012869793144612,0.00128458315115,0.0012821869878388,0.0012797908245275,0.0012773946612163,0.0012749984979051,0.0012726023345938,0.0012702061712826,0.0029601003465271,0.0097921010835869,0.0115805973790885,0.0117962520770991,0.0120119067751098,0.0122275614731204,0.0124432161711311,0.0126588708691417,0.0128745255671523,0.013090180265163,0.0121505248226644,0.0098793813321985,0.0118191354367214,0.012112665442347,0.0124061954479726,0.0126997254535982,0.0129932554592238,0.0132867854648493,0.0135803154704749,0.0138738454761005,0.0178553104340392,0.0137401395633339,0.0130995852061596,0.0130799366670075,0.0130602881278554,0.0130406395887033,0.0130209910495512,0.0130013425103992,0.0129816939712471,0.012962045432095,0.0164476842968575,0.0165275364392042,0.0144790564244343,0.0141816925575107,0.0138843286905872,0.0135869648236636,0.01328960095674,0.0129922370898165,0.0126948732228929,0.0123975093559694,0.0036490572025883,0.001264635091584,0.0009735611533524,0.000976676165657,0.0009797911779616,0.0009829061902662,0.0009860212025708,0.0009891362148754,0.00099225122718,0.0009953662394846,0.0011235010725526,0.0026666901490671,0.0031558069849718,0.0032013340878851,0.0032468611907985,0.0032923882937118,0.0033379153966252,0.0033834424995385,0.0034289696024519,0.0034744967053653,0.0038626152577016,0.0026499769099712,0.0022220221425857,0.0021812873662948,0.0021405525900039,0.002099817813713,0.0020590830374221,0.0020183482611312,0.0019776134848403,0.0019368787085494,0.0013259169682687,0.0013760566855562,0.0013640159649172,0.0013553897769968,0.0013467635890764,0.001338137401156,0.0013295112132355,0.0013208850253151,0.0013122588373947,0.0013036326494743,0.0012163524008627,0.0015877577141033,0.0015141955004485,0.0015077258595082,0.0015012562185679,0.0014947865776276,0.0014883169366873,0.0014818472957469,0.0014753776548066,0.0014689080138663,0.0012702061712826,0.0009563686815944,0.0008047514480763,0.0008155341829769,0.0008263169178774,0.0008370996527779,0.0008478823876784,0.000858665122579,0.0008694478574795,0.00088023059238,0.0006778146966639,0.0006982419888922,0.0010152543949678,0.0010219636522393,0.0010286729095107,0.0010353821667821,0.0010420914240536,0.001048800681325,0.0010555099385965,0.0010622191958679,0.0007558098124445,0.0009266562565351,0.0007293322078554,0.0007113609830212,0.0006933897581869,0.0006754185333527,0.0006574473085185,0.0006394760836843,0.0006215048588501,0.0006035336340158,0.0004716847478154,0.0004698277212492,0.0004204068529551,0.0004213653182796,0.0004223237836041,0.0004232822489286,0.0004242407142531,0.0004251991795776,0.0004261576449021,0.0004271161102266,0.0004234020570942,0.0003862615257701,0.0003889572094953,0.0003925514544621,0.0003961456994289,0.0003997399443958,0.0004033341893626,0.0004069284343295,0.0004105226792963,0.0004141169242632,0.0005422517573311,0.0003416928881813,0.0004048317914321,0.000412259897697,0.0004196880039618,0.0004271161102266,0.0004345442164914,0.0004419723227562,0.000449400429021,0.0004568285352858,0.0006239609262441,0.0006146757934131,0.0004617406700738,0.0004583860414381,0.0004550314128024,0.0004516767841667,0.000448322155531,0.0004449675268952,0.0004416128982595,0.0004382582696238,0.0009563686815944,0.001786459556687,0.0023555483431039,0.0024482798632485,0.0025410113833931,0.0026337429035377,0.0027264744236822,0.0028192059438268,0.0029119374639714,0.003004668984116,0.0064810227160475,0.0075952386557691,0.0069401875105618,0.0068244528226294,0.006708718134697,0.0065929834467647,0.0064772487588323,0.0063615140708999,0.0062457793829675,0.0061300446950352,0.0016546106704866,0.0006072476871482,0.0004843245092822,0.0004764171703551,0.0004685098314281,0.000460602492501,0.000452695153574,0.0004447878146469,0.0004368804757198,0.0004289731367928,0.0003454069413137,0.000202415895716,0.0002798718747515,0.000286581132023,0.0002932903892944,0.0002999996465659,0.0003067089038373,0.0003134181611087,0.0003201274183802,0.0003268366756516,0.0003064093834234,0.0002247002145105,0.0003204269387941,0.0003242608000921,0.00032809466139,0.000331928522688,0.000335762383986,0.0003395962452839,0.0003434301065819,0.0003472639678799,0.000311980463122,0.0002525556130035,0.0002357824698249,0.0002381786331361,0.0002405747964474,0.0002429709597586,0.0002453671230698,0.0002477632863811,0.0002501594496923,0.0002525556130035,0.0002655547989669,0.0001671323909582,0.0001392769924652,0.00014670509873,0.0001541332049948,0.0001615613112596,0.0001689894175244,0.0001764175237892,0.000183845630054,0.0001912737363188,0.0001337059127665,0.0002135580551133,0.0002438695210003,0.0002421922066825,0.0002405148923646,0.0002388375780467,0.0002371602637289,0.000235482949411,0.0002338056350932,0.0002321283207753,0.0002079869754147,0.0001355629393327,0.0001840852463851,0.000181928699405,0.0001797721524249,0.0001776156054448,0.0001754590584647,0.0001733025114846,0.0001711459645045,0.0001689894175244,0.000183845630054,0.0001429910455976,0.0002273359941528,0.0002258982961661,0.0002244605981794,0.0002230229001926,0.0002215852022059,0.0002201475042191,0.0002187098062324,0.0002172721082457,0.0001689894175244,0.000174560497223,0.0001813296585772,0.0001854031362063,0.0001894766138354,0.0001935500914645,0.0001976235690936,0.0002016970467227,0.0002057705243518,0.0002098440019809,0.0002135580551133,0.000174560497223,0.0002084662080769,0.0002115812203815,0.0002146962326861,0.0002178112449907,0.0002209262572953,0.0002240412695999,0.0002271562819045,0.0002302712942091,0.0003101234365558,0.0002321283207753,0.0002550715844803,0.0002509981068512,0.0002469246292221,0.000242851151593,0.000238777673964,0.0002347041963349,0.0002306307187058,0.0002265572410767,0.000165275364392,0.0001875596831864,0.0001570086009683,0.0001608424622662,0.0001646763235642,0.0001685101848622,0.0001723440461601,0.0001761779074581,0.0001800117687561,0.000183845630054,0.000183845630054,0.0002859820911952,0.0003606824824227,0.0003439093392441,0.0003271361960655,0.0003103630528869,0.0002935899097083,0.0002768167665297,0.0002600436233511,0.0002432704801725,0.0003286937022178,0.0003194085693868,0.0003028750425393,0.0002956865526056,0.000288498062672,0.0002813095727383,0.0002741210828046,0.0002669325928709,0.0002597441029372,0.0002525556130035,0.0002896961443276,0.000274839931798,0.0002937097178739,0.0002965851138474,0.0002994605098208,0.0003023359057943,0.0003052113017678,0.0003080866977413,0.0003109620937147,0.0003138374896882,0.0001281348330679,0.000193130762885,0.0003192887612213,0.0003166529815789,0.0003140172019366,0.0003113814222942,0.0003087456426518,0.0003061098630095,0.0003034740833671,0.0003008383037248,0.0002785539849304,0.0001597042846934,0.0002561498579704,0.000253514078328,0.0002508782986857,0.0002482425190433,0.000245606739401,0.0002429709597586,0.0002403351801163,0.0002376994004739,0.0002209861613781,0.0002302712942091,0.0001743208808919,0.000176477427872,0.0001786339748521,0.0001807905218322,0.0001829470688123,0.0001851036157924,0.0001872601627725,0.0001894167097526,9.656538144254184e-05,5.199674385367637e-05,0.0001171723859191,0.0001174120022502,0.0001176516185813,0.0001178912349124,0.0001181308512436,0.0001183704675747,0.0001186100839058,0.0001188497002369,0.0001949877894512,0.0001875596831864,0.0002088256325736,0.0002049917712756,0.0002011579099777,0.0001973240486797,0.0001934901873817,0.0001896563260838,0.0001858224647858,0.0001819886034878,0.000193130762885,0.0002506985864373,0.0001411340190314,0.0001411340190314,0.0001411340190314,0.0001411340190314,0.0001411340190314,0.0001411340190314,0.0001411340190314,0.0001411340190314,0.0001634183378258,0.0001912737363188,0.000280830340076,0.0002863415156919,0.0002918526913077,0.0002973638669235,0.0003028750425393,0.0003083862181552,0.000313897393771,0.0003194085693868,0.0001262778065017,0.0002544126395697,0.000171565293084,0.0001576675458788,0.0001437697986737,0.0001298720514686,0.0001159743042634,0.0001020765570583,8.817880985323919e-05,7.42810626481091e-05,0.0004178309773956,0.0003286937022178,0.0001640173786536,0.0001549119580709,0.0001458065374883,0.0001367011169056,0.0001275956963229,0.0001184902757402,0.0001093848551576,0.0001002794345749,0.0001949877894512,0.0002599837192683,0.0002319486085269,0.0002391370984606,0.0002463255883943,0.000253514078328,0.0002607025682617,0.0002678910581954,0.0002750795481291,0.0002822680380628,0.0002692688520993,0.0002247002145105,0.0002910739382315,0.0002953870321917,0.000299700126152,0.0003040132201122,0.0003083263140724,0.0003126394080326,0.0003169525019928,0.000321265595953,0.0002915531708938,0.0002711258786655,0.0003558901558003,0.0003599636334294,0.0003640371110585,0.0003681105886876,0.0003721840663166,0.0003762575439457,0.0003803310215748,0.0003844044992039,0.00014670509873,0.0001299918596341,0.0001047123367007,0.0001205270145548,0.0001363416924089,0.000152156370263,0.0001679710481171,0.0001837857259712,0.0001996004038254,0.0002154150816795,0.0001058505142735,0.0002209861613781,0.0001998400201565,0.0002137377673616,0.0002276355145667,0.0002415332617719,0.000255431008977,0.0002693287561821,0.0002832265033873,0.0002971242505924,0.000284125064629,0.0001392769924652,0.0002746602195496,0.0002744206032185,0.0002741809868874,0.0002739413705562,0.0002737017542251,0.000273462137894,0.0002732225215629,0.0002729829052318,0.0003342647819164,0.0003472639678799,0.0003395363412011,0.0003515171577573,0.0003634979743134,0.0003754787908696,0.0003874596074257,0.0003994404239819,0.000411421240538,0.0004234020570942,0.0003899755789025,0.0003806904460715,0.0004815090173915,0.0004896559726497,0.0004978029279078,0.000505949883166,0.0005140968384242,0.0005222437936824,0.0005303907489406,0.0005385377041987,0.0002618407458345,5.942485011848728e-05,0.0001921722975605,0.0002305109105402,0.0002688495235199,0.0003071881364995,0.0003455267494792,0.0003838653624589,0.0004222039754386,0.0004605425884182,0.0003156945162544,0.0002562696661359,0.000255970145722,0.0002530947497485,0.0002502193537751,0.0002473439578016,0.0002444685618281,0.0002415931658546,0.0002387177698812,0.0002358423739077,7.985214234671728e-05,0.0001114215939721,0.0001861219851997,0.0002064893733451,0.0002268567614906,0.000247224149636,0.0002675915377815,0.0002879589259269,0.0003083263140724,0.0003286937022178,0.0002228431879443,0.0002636977724007,0.0002713055909139,0.0002789733135098,0.0002866410361058,0.0002943087587017,0.0003019764812976,0.0003096442038936,0.0003173119264895,0.0003249796490854,0.0003528350475785,0.0002228431879443,0.000159524572445,0.0001741411686435,0.000188757764842,0.0002033743610405,0.000217990957239,0.0002326075534375,0.000247224149636,0.0002618407458345,0.0002488415598711,0.0003695482866743,0.0002777752318542,0.0002717848235761,0.0002657944152981,0.00025980400702,0.0002538135987419,0.0002478231904638,0.0002418327821858,0.0002358423739077,0.0001262778065017,0.0002469845333049,0.0002992807975725,0.0002947280872812,0.0002901753769898,0.0002856226666985,0.0002810699564071,0.0002765172461158,0.0002719645358245,0.0002674118255331,0.0002154150816795,8.356619547912274e-05,4.1753145698171e-05,5.0379333618596575e-05,5.900552153902215e-05,6.763170945944772e-05,7.625789737987329e-05,8.488408530029887e-05,9.351027322072444e-05,0.0001021364611411,0.000183845630054,0.000339835861615,0.0001576675458788,0.0001425717170181,0.0001274758881574,0.0001123800592966,9.728423043591064e-05,8.218840157516588e-05,6.709257271442114e-05,5.199674385367637e-05,0.0002506985864373,0.0001968448160174,0.0002323679371064,0.0002227832838615,0.0002131986306166,0.0002036139773717,0.0001940293241267,0.0001844446708818,0.0001748600176369,0.000165275364392,0.0002079869754147,0.0005626790495594,0.00044011529619,0.0004326871899252,0.0004252590836604,0.0004178309773956,0.0004104028711308,0.0004029747648659,0.0003955466586011,0.0003881185523363,0.0004178309773956,0.0006332460590751,0.0005595640372548,0.0005430305104073,0.0005264969835598,0.0005099634567123,0.0004934299298648,0.0004768964030174,0.0004603628761699,0.0004438293493224,0.0004661136681168,0.0005663931026918,0.0008172114972947,0.0007975629581426,0.0007779144189906,0.0007582658798385,0.0007386173406864,0.0007189688015343,0.0006993202623822,0.0006796717232301,0.0003695482866743,0.00058682039492,0.0005454266737185,0.00055213593099,0.0005588451882614,0.0005655544455329,0.0005722637028043,0.0005789729600757,0.0005856822173472,0.0005923914746186,0.0002172721082457,0.0001207067268031,0.0001908544077394,0.0002001994446532,0.000209544481567,0.0002188895184807,0.0002282345553945,0.0002375795923083,0.0002469246292221,0.0002562696661359,0.0004029747648659,0.0004252590836604,0.0003442687637408,0.0003377991228005,0.0003313294818602,0.0003248598409199,0.0003183901999795,0.0003119205590392,0.0003054509180989,0.0002989812771586,0.0005273955448015,0.0006202468731117,0.000773421612782,0.0007449072693784,0.0007163929259747,0.0006878785825711,0.0006593642391675,0.0006308498957639,0.0006023355523602,0.0005738212089566,0.0002117010285471,2.4141345360635457e-05,6.28992869197698e-06,7.248394016468711e-06,8.206859340960442e-06,9.165324665452173e-06,1.0123789989943902e-05,1.1082255314435633e-05,1.2040720638927363e-05,1.2999185963419092e-05,0.0004475434024548,0.0002451275067387,IR,550.0,3798.0,4.0,sum,False,True,True,True,20.0,0.1,100.0,2026-06-25 20:36:20,1.0,0.0,1.0,0.0,0.0,0.0,0.0,0.0,0.0,0.0,0.0,0.0,0.0,0.0,0.0,0.0,0.0,0.0,0.0,0.0,1.0,1.0,1.0,1.0,1.0,0.0,1.0,1.0,1.0,1.0,1.0,1.0,1.0,1.0,1.0,0.0,1.0,1.0,1.0,1.0,1.0,0.0,0.0,0.0,0.0,0.0,0.0,0.0,0.0,0.0,0.0,0.0,0.0,0.0,0.0,0.0,0.0,0.0,1.0,1.0,1.0,1.0,1.0,0.0,0.0,0.0,0.0,0.0,0.0,0.0,0.0,0.0,0.0,0.0,0.0,0.0,0.0,0.0,0.0,0.0,0.0,0.0,0.0,0.0,0.0,0.0,0.0,0.0,0.0,0.0,0.0,0.0,0.0,0.0,0.0,0.0,0.0,0.0,0.0,0.0,0.0,0.0,0.0,0.0,0.0,0.0,0.0,0.0,0.0,0.0,0.0,0.0,0.0,0.0,0.0,0.0,0.0,0.0,0.0,0.0,0.0,0.0,0.0,0.0,0.0,0.0,0.0,0.0,0.0,0.0,0.0,0.0,0.0,0.0,0.0,0.0,0.0,0.0,0.0,0.0,0.0,0.0,0.0,0.0,0.0,0.0,0.0,0.0,0.0,0.0,0.0,0.0,0.0,0.0,0.0,0.0,0.0,0.0,0.0,0.0,0.0,0.0,0.0,0.0011576511920642,0.0023194261811872,0.1129910809410188,0.00029341019746,0.0005273955448015,0.0280927384690181,0.0003943437846189,0.0006016766074496,0.0379710415277266,0.000719512730606,0.0013877978857812,0.068184025102686,0.0019685559875238,0.0024419899345565,0.1914451818037993,0.0092008190325814,0.0135803154704749,0.8903568983415135,0.011882449259894,0.0178553104340392,1.158543882705889,0.0022979278039588,0.0038626152577016,0.2238779710702816,0.0013557132590438,0.0019368787085494,0.1300665001213357,0.0008486395752848,0.0010622191958679,0.0819683139750294,0.0004263253763339,0.0006035336340158,0.0406009505699663,0.0011458884263694,0.0029119374639714,0.10792559170108,0.0030556473585624,0.0075952386557691,0.2989822356239636,0.0002931034885561,0.0003472639678799,0.0282234491776457,0.0001987305965434,0.0002655547989669,0.0190040910295253,0.0001939981740037,0.0002273359941528,0.0186287320468212,0.0002196946293533,0.0003101234365558,0.0212280900068428,0.0002619389885303,0.0003606824824227,0.0253450580000315,0.0002798790632415,0.0003192887612213,0.0269757669414886,0.0001738296674131,0.0002508782986857,0.01664398997613,0.0001823767819442,0.0002863415156919,0.0174272957625708,0.0001960516859614,0.0004178309773956,0.0188026935032165,0.0002733591028716,0.0003599636334294,0.0264154241511576,0.0002328040388291,0.0003844044992039,0.0219858766540191,0.0003354484865922,0.0004896559726497,0.0319712882127395,0.0003337807569276,0.0005385377041987,0.031905034297184,0.000250696190274,0.0003528350475785,0.024249651942303,0.0002558910723328,0.0003695482866743,0.0246676626319469,0.0001362793921628,0.000339835861615,0.0126475489974961,0.0003935937855025,0.0006332460590751,0.0380122555366797,0.0005480217185846,0.0008172114972947,0.0535141142705123,0.0004304587580457,0.000773421612782,0.0414221157367246,0.0001214993038984,0.0005738212089566,0.0046800663713275
CC/C=C(\C)CC,FHHSSXNRVNXTBG-VOTSOKGWSA-N,IR,IR_NIST_gas_FHHSSXNRVNXTBG-VOTSOKGWSA-N_001,NIST Chemistry WebBook,NIST Chemistry WebBook,gas,,,True,False,,E:\QSPR Forge\spectra_bank\IR\processed\IR_NIST_gas_FHHSSXNRVNXTBG-VOTSOKGWSA-N_001_processed.csv,0.0010177315643708,0.000671031800684,0.0004249868070999,0.0004655734079477,0.0004525856956764,0.0004395979834051,0.0004266102711338,0.0004136225588625,0.0004006348465912,0.0003876471343199,0.0003746594220486,0.0002460449935841,0.0002236772668946,0.0002121326337646,0.0001930118351429,0.0001738910365213,0.0001547702378997,0.000135649439278,0.0001165286406564,9.740784203478489e-05,7.828704341314193e-05,0.0002628207886012,0.0002124934035499,0.0001244655759333,0.0001226617270067,0.0001208578780801,0.0001190540291536,0.000117250180227,0.0001154463313004,0.0001136424823739,0.0001118386334473,0.0001705539160072,0.0003327199345058,0.0002279163118721,0.0002261124629455,0.0002243086140189,0.0002225047650924,0.0002207009161658,0.0002188970672392,0.0002170932183127,0.0002152893693861,0.0004333747046084,0.0005060698163492,0.0005073325105978,0.0005127440573775,0.0005181556041572,0.0005235671509369,0.0005289786977166,0.0005343902444963,0.000539801791276,0.0005452133380558,0.0004585383971341,0.0005675810647452,0.0006060030468812,0.0006124969030168,0.0006189907591525,0.0006254846152881,0.0006319784714238,0.0006384723275594,0.0006449661836951,0.0006514600398307,0.0006961954932097,0.0007940542974761,0.0009201433374434,0.0009428718339181,0.0009656003303929,0.0009883288268677,0.0010110573233425,0.0010337858198173,0.0010565143162921,0.0010792428127668,0.00173629478427,0.0016691916042016,0.001443079141256,0.0014174644864987,0.0013918498317414,0.0013662351769841,0.0013406205222268,0.0013150058674695,0.0012893912127123,0.001263776557955,0.0009003009992511,0.0007605027074419,0.0006676044877235,0.0006593067826613,0.0006510090775991,0.0006427113725369,0.0006344136674747,0.0006261159624124,0.0006178182573502,0.000609520552288,0.0004585383971341,0.0004445585679531,0.0004819884331795,0.0004834315123207,0.000484874591462,0.0004863176706032,0.0004877607497445,0.0004892038288858,0.000490646908027,0.0004920899871683,0.0004976819188406,0.0005480093038919,0.0005928349497172,0.0006004111152088,0.0006079872807004,0.000615563446192,0.0006231396116836,0.0006307157771752,0.0006382919426668,0.0006458681081584,0.0009170767942682,0.0009478324184662,0.000851146116002,0.0008489814972902,0.0008468168785783,0.0008446522598664,0.0008424876411545,0.0008403230224426,0.0008381584037307,0.0008359937850189,0.0008499736141998,0.0012553886604464,0.0013444086049726,0.0013512632308936,0.0013581178568146,0.0013649724827355,0.0013718271086565,0.0013786817345775,0.0013855363604984,0.0013923909864194,0.0009310566234491,0.000671031800684,0.0006479425344239,0.0006544363905596,0.0006609302466952,0.0006674241028309,0.0006739179589665,0.0006804118151022,0.0006869056712378,0.0006933995273735,0.0008331978191827,0.0005368254405472,0.0004534876201397,0.0004430252963656,0.0004325629725915,0.0004221006488174,0.0004116383250432,0.0004011760012691,0.000390713677495,0.0003802513537209,0.0003998231145742,0.000564785098909,0.0006066343940055,0.0006102420918586,0.0006138497897118,0.0006174574875649,0.000621065185418,0.0006246728832712,0.0006282805811243,0.0006318882789775,0.0007045833907182,0.0004892940213321,0.0004365314402299,0.0004332845121621,0.0004300375840943,0.0004267906560264,0.0004235437279586,0.0004202967998908,0.000417049871823,0.0004138029437551,0.0004613343629703,0.0004948859530045,0.0005160811778917,0.0005182457966035,0.0005204104153154,0.0005225750340273,0.0005247396527392,0.0005269042714511,0.000529068890163,0.0005312335088748,0.0006598479373393,0.0012442047971017,0.0014382989416006,0.0014585020495782,0.0014787051575558,0.0014989082655334,0.001519111373511,0.0015393144814885,0.0015595175894661,0.0015797206974437,0.0013280837721872,0.0009114848625958,0.0009065242780477,0.00091482198311,0.0009231196881722,0.0009314173932344,0.0009397150982966,0.0009480128033589,0.0009563105084211,0.0009646082134833,0.0016020884241332,0.0025219611842376,0.0025582185476617,0.0025506423821701,0.0025430662166785,0.0025354900511869,0.0025279138856953,0.0025203377202037,0.0025127615547121,0.0025051853892205,0.0016719875700378,0.0015210054148839,0.001698413956812,0.0017261932302812,0.0017539725037504,0.0017817517772196,0.0018095310506887,0.0018373103241579,0.0018650895976271,0.0018928688710963,0.0029888874788803,0.0036878789379262,0.0034756561117152,0.0034424652914663,0.0034092744712174,0.0033760836509685,0.0033428928307196,0.0033097020104708,0.0032765111902219,0.003243320369973,0.0017446826817785,0.0009394445209577,0.0008476286105952,0.0008407739846743,0.0008339193587533,0.0008270647328323,0.0008202101069114,0.0008133554809904,0.0008065008550694,0.0007996462291485,0.0006207044156327,0.0005731729964176,0.0005623499028582,0.0005591029747903,0.0005558560467225,0.0005526091186547,0.0005493621905869,0.000546115262519,0.0005428683344512,0.0005396214063834,0.000503273850513,0.0003802513537209,0.0003844903986984,0.0003826865497718,0.0003808827008452,0.0003790788519187,0.0003772750029921,0.0003754711540655,0.0003736673051389,0.0003718634562124,0.0003718634562124,0.0003327199345058,0.0003573424723535,0.0003566209327829,0.0003558993932122,0.0003551778536416,0.000354456314071,0.0003537347745003,0.0003530132349297,0.0003522916953591,0.0003942311829018,0.0005619891330729,0.0005425075646659,0.0005388998668128,0.0005352921689596,0.0005316844711065,0.0005280767732533,0.0005244690754002,0.0005208613775471,0.0005172536796939,0.0003243320369973,0.0002264732327308,0.0002804985080816,0.0002779731195844,0.0002754477310872,0.00027292234259,0.0002703969540928,0.0002678715655956,0.0002653461770984,0.0002628207886012,0.0001481861893177,0.0001062467017749,0.0001149051766225,0.0001152659464078,0.0001156267161931,0.0001159874859784,0.0001163482557637,0.000116709025549,0.0001170697953343,0.0001174305651197,9.506283843024378e-05,6.430721423222372e-05,7.882819809111297e-05,7.9549737661741e-05,8.027127723236904e-05,8.099281680299706e-05,8.17143563736251e-05,8.243589594425315e-05,8.315743551488117e-05,8.387897508550922e-05,0.0001370023259729,0.0001090426676111,0.0001162580633174,0.0001184226820293,0.0001205873007412,0.000122751919453,0.0001249165381649,0.0001270811568768,0.0001292457755887,0.0001314103943006,0.0001062467017749,0.000123022496792,0.0001323123187639,0.0001297869302667,0.0001272615417695,0.0001247361532723,0.0001222107647751,0.0001196853762779,0.0001171599877807,0.0001146345992835,0.0001258184626282,0.0001006547701026,8.77572502776349e-05,8.920032941889098e-05,9.064340856014704e-05,9.208648770140312e-05,9.35295668426592e-05,9.497264598391528e-05,9.641572512517134e-05,9.78588042664274e-05,5.871528255985645e-05,6.989914590459101e-05,9.064340856014704e-05,8.847878984826294e-05,8.631417113637883e-05,8.414955242449472e-05,8.198493371261063e-05,7.98203150007265e-05,7.76556962888424e-05,7.549107757695828e-05,5.0327385051305525e-05,6.989914590459101e-05,6.439740667855223e-05,6.078970882541205e-05,5.7182010972271874e-05,5.357431311913169e-05,4.996661526599151e-05,4.635891741285133e-05,4.275121955971115e-05,3.914352170657096e-05,9.506283843024378e-05,7.269511174077465e-05,9.930188340768348e-05,9.74980344811134e-05,9.569418555454332e-05,9.38903366279732e-05,9.208648770140312e-05,9.028263877483302e-05,8.847878984826294e-05,8.667494092169285e-05,5.871528255985645e-05,5.312335088748917e-05,4.338256668401068e-05,4.157871775744059e-05,3.97748688308705e-05,3.79710199043004e-05,3.6167170977730313e-05,3.4363322051160225e-05,3.2559473124590136e-05,3.0755624198020047e-05,7.269511174077465e-05,1.957176085328548e-05,4.0676793294155546e-05,4.644910985917984e-05,5.222142642420413e-05,5.7993742989228415e-05,6.37660595542527e-05,6.9538376119277e-05,7.531069268430128e-05,8.108300924932557e-05,2.236772668946912e-05,5.871528255985645e-05,6.989914590459101e-05,6.989914590459101e-05,6.989914590459101e-05,6.989914590459101e-05,6.989914590459101e-05,6.989914590459101e-05,6.989914590459101e-05,6.989914590459101e-05,7.828704341314193e-05,7.549107757695828e-05,6.493856135652326e-05,6.205240307401112e-05,5.916624479149897e-05,5.6280086508986826e-05,5.339392822647468e-05,5.050776994396253e-05,4.762161166145039e-05,4.473545337893825e-05,2.236772668946912e-05,4.473545337893825e-05,3.824159724328592e-05,4.0766985740484046e-05,4.3292374237682176e-05,4.58177627348803e-05,4.834315123207842e-05,5.086853972927656e-05,5.339392822647468e-05,5.5919316723672806e-05,8.387897508550921e-06,7.828704341314193e-05,6.656202539043634e-05,6.58404858198083e-05,6.511894624918027e-05,6.439740667855223e-05,6.367586710792419e-05,6.295432753729616e-05,6.223278796666812e-05,6.151124839604009e-05,2.7959658361836403e-05,4.193948754275461e-05,1.4430791412560724e-05,1.876002883632894e-05,2.308926626009716e-05,2.7418503683865376e-05,3.1747741107633594e-05,3.607697853140181e-05,4.0406215955170026e-05,4.473545337893825e-05,5.5919316723672806e-05,7.828704341314193e-05,8.649455602903585e-05,8.252608839058164e-05,7.855762075212745e-05,7.458915311367324e-05,7.062068547521905e-05,6.665221783676483e-05,6.268375019831064e-05,5.871528255985645e-05,5.0327385051305525e-05,8.667494092169285e-05,9.497264598391528e-05,9.858034383705543e-05,0.0001021880416901,0.0001057957395433,0.0001094034373964,0.0001130111352496,0.0001166188331027,0.0001202265309558,0.0001034507359387,0.0001258184626282,8.75768653849779e-05,8.505147688777976e-05,8.252608839058164e-05,8.000069989338352e-05,7.74753113961854e-05,7.494992289898726e-05,7.242453440178913e-05,6.989914590459101e-05,5.871528255985645e-05,8.667494092169285e-05,8.198493371261063e-05,7.945954521541249e-05,7.693415671821437e-05,7.440876822101624e-05,7.18833797238181e-05,6.935799122661998e-05,6.683260272942186e-05,6.430721423222372e-05,5.871528255985645e-05,9.506283843024378e-05,8.423974487082323e-05,8.099281680299706e-05,7.77458887351709e-05,7.449896066734474e-05,7.125203259951857e-05,6.800510453169241e-05,6.475817646386624e-05,6.151124839604009e-05,7.549107757695828e-05,8.108300924932557e-05,8.55024391194223e-05,8.766705783130641e-05,8.98316765431905e-05,9.199629525507464e-05,9.416091396695874e-05,9.632553267884284e-05,9.849015139072694e-05,0.0001006547701026,0.0001146345992835,4.473545337893825e-05,6.106028616439757e-05,6.79149120853639e-05,7.476953800633026e-05,8.16241639272966e-05,8.847878984826294e-05,9.533341576922928e-05,0.0001021880416901,0.0001090426676111,8.108300924932557e-05,0.0001565740868262,0.0001750635383236,0.0001736204591823,0.0001721773800411,0.0001707343008998,0.0001692912217586,0.0001678481426173,0.000166405063476,0.0001649619843348,0.0001509821551539,8.947090675787649e-05,0.0001000234229783,0.0001029095812608,0.0001057957395433,0.0001086818978258,0.0001115680561083,0.0001144542143908,0.0001173403726733,0.0001202265309558,0.0001593700526624,0.0001817377793519,0.0002242184215726,0.0002249399611432,0.0002256615007139,0.0002263830402845,0.0002271045798551,0.0002278261194258,0.0002285476589964,0.000229269198567,0.000472518226315,0.0005871528255985,0.0005983366889432,0.0005983366889432,0.0005983366889432,0.0005983366889432,0.0005983366889432,0.0005983366889432,0.0005983366889432,0.0005983366889432,0.0006458681081584,0.0007800744682952,0.0007905367920693,0.0007970306482049,0.0008035245043406,0.0008100183604762,0.0008165122166119,0.0008230060727476,0.0008294999288832,0.0008359937850189,0.0012330209337569,0.0019152365977857,0.0022243261113535,0.0022748338812975,0.0023253416512415,0.0023758494211854,0.0024263571911294,0.0024768649610733,0.0025273727310173,0.0025778805009613,0.0052088843528101,0.0088660076665383,0.0098769747974345,0.0100133457762832,0.0101497167551319,0.0102860877339806,0.0104224587128293,0.010558829691678,0.0106952006705267,0.0108315716493754,0.0140217686684609,0.013672272938938,0.0136481915557682,0.013672002361599,0.0136958131674297,0.0137196239732604,0.0137434347790911,0.0137672455849219,0.0137910563907526,0.0138148671965833,0.0162249897473736,0.0189510564376527,0.0192088264492595,0.0192766511688986,0.0193444758885376,0.0194123006081766,0.0194801253278157,0.0195479500474547,0.0196157747670937,0.0196835994867328,0.0272522790052819,0.0221720090809362,0.0176048439837534,0.0171556856010375,0.0167065272183215,0.0162573688356055,0.0158082104528896,0.0153590520701736,0.0149098936874577,0.0144607353047417,0.0073058587299478,0.0043980542603168,0.0039629658992281,0.0039196735249904,0.0038763811507527,0.0038330887765151,0.0037897964022774,0.0037465040280397,0.003703211653802,0.0036599192795643,0.0025387369792547,0.0018117858618469,0.0016089430500541,0.0015919868701444,0.0015750306902346,0.0015580745103249,0.0015411183304151,0.0015241621505053,0.0015072059705956,0.0014902497906858,0.0011072024711287,0.0008499736141998,0.0007770981175663,0.0007731296499279,0.0007691611822894,0.000765192714651,0.0007612242470125,0.0007572557793741,0.0007532873117356,0.0007493188440972,0.0005703770305814,0.0005200496455301,0.0004920899871683,0.0004920899871683,0.0004920899871683,0.0004920899871683,0.0004920899871683,0.0004920899871683,0.0004920899871683,0.0004920899871683,0.0003690674903762,0.0002963723786354,0.0002762594631042,0.0002755379235335,0.0002748163839629,0.0002740948443923,0.0002733733048216,0.000272651765251,0.0002719302256804,0.0002712086861098,0.0001481861893177,0.0001873297110243,0.0001373630957583,0.0001341161676904,0.0001308692396226,0.0001276223115548,0.000124375383487,0.0001211284554191,0.0001178815273513,0.0001146345992835,9.78588042664274e-05,0.0001314103943006,9.912149851502648e-05,9.33491819500022e-05,8.757686538497789e-05,8.180454881995361e-05,7.603223225492933e-05,7.025991568990502e-05,6.448759912488074e-05,5.871528255985645e-05,2.236772668946912e-05,7.269511174077465e-05,6.187201818135411e-05,5.862509011352795e-05,5.537816204570178e-05,5.2131233977875614e-05,4.888430591004946e-05,4.5637377842223286e-05,4.239044977439713e-05,3.914352170657096e-05,6.710318006840737e-05,8.387897508550922e-05,0.0001156267161931,0.0001206774931875,0.0001257282701819,0.0001307790471763,0.0001358298241707,0.0001408806011651,0.0001459313781595,0.0001509821551539,7.269511174077465e-05,7.828704341314193e-05,8.694551826067837e-05,8.730628804599238e-05,8.766705783130641e-05,8.802782761662042e-05,8.838859740193443e-05,8.874936718724846e-05,8.911013697256248e-05,8.947090675787649e-05,0.0001397982918091,0.0001425942576453,0.0001518840796172,0.00014935869112,0.0001468333026228,0.0001443079141256,0.0001417825256284,0.0001392571371312,0.000136731748634,0.0001342063601368,0.0001090426676111,0.0001509821551539,0.0001640600598715,0.0001665854483687,0.0001691108368659,0.0001716362253631,0.0001741616138603,0.0001766870023575,0.0001792123908547,0.0001817377793519,0.0001146345992835,0.0001593700526624,0.0001189638367072,0.0001135522899275,0.0001081407431478,0.0001027291963681,9.731764958845638e-05,9.190610280874612e-05,8.649455602903585e-05,8.108300924932557e-05,9.226687259406012e-05,0.0001286144284644,0.0001431354123233,0.0001438569518939,0.0001445784914645,0.0001453000310352,0.0001460215706058,0.0001467431101764,0.0001474646497471,0.0001481861893177,0.0001146345992835,0.0001817377793519,0.0001344769374758,0.0001348377072611,0.0001351984770464,0.0001355592468317,0.000135920016617,0.0001362807864023,0.0001366415561876,0.0001370023259729,0.0002124934035499,0.0001286144284644,7.675377182555735e-05,8.216531860526763e-05,8.757686538497789e-05,9.298841216468816e-05,9.839995894439843e-05,0.0001038115057241,0.0001092230525038,0.0001146345992835,0.0001733498818433,0.0002069014718775,0.0002057289700753,0.0002078935887872,0.000210058207499,0.0002122228262109,0.0002143874449228,0.0002165520636347,0.0002187166823466,0.0002208813010585,0.0002768006177821,0.0002264732327308,0.0002804985080816,0.0002779731195844,0.0002754477310872,0.00027292234259,0.0002703969540928,0.0002678715655956,0.0002653461770984,0.0002628207886012,0.0001034507359387,0.0002879844811269,0.0002437901824259,0.0002333278586518,0.0002228655348777,0.0002124032111036,0.0002019408873295,0.0001914785635554,0.0001810162397813,0.0001705539160072,0.0002963723786354,0.0002320651644032,0.0002823925494545,0.0002712086861098,0.000260024822765,0.0002488409594203,0.0002376570960756,0.0002264732327308,0.0002152893693861,0.0002041055060414,0.0001789418135157,0.0002152893693861,IR,550.0,3798.0,4.0,sum,False,True,True,True,20.0,0.1,100.0,2026-06-25 21:39:26,0.0,0.0,0.0,0.0,0.0,0.0,0.0,0.0,0.0,0.0,0.0,0.0,0.0,0.0,0.0,0.0,0.0,0.0,0.0,0.0,0.0,0.0,0.0,0.0,0.0,0.0,0.0,0.0,0.0,0.0,0.0,0.0,0.0,0.0,0.0,0.0,0.0,0.0,0.0,0.0,0.0,0.0,0.0,0.0,1.0,1.0,1.0,0.0,0.0,0.0,0.0,0.0,0.0,0.0,0.0,0.0,0.0,0.0,0.0,0.0,0.0,0.0,0.0,0.0,0.0,0.0,0.0,0.0,0.0,0.0,0.0,0.0,0.0,0.0,0.0,0.0,0.0,0.0,0.0,0.0,0.0,0.0,0.0,0.0,0.0,0.0,0.0,0.0,0.0,0.0,0.0,0.0,0.0,0.0,0.0,0.0,0.0,0.0,0.0,0.0,0.0,0.0,0.0,0.0,0.0,0.0,0.0,0.0,0.0,0.0,0.0,0.0,0.0,0.0,1.0,1.0,1.0,1.0,1.0,1.0,1.0,1.0,1.0,1.0,1.0,0.0,0.0,0.0,0.0,0.0,0.0,0.0,0.0,0.0,0.0,0.0,0.0,0.0,0.0,0.0,0.0,0.0,0.0,0.0,0.0,0.0,0.0,0.0,0.0,0.0,0.0,0.0,0.0,0.0,0.0,0.0,0.0,0.0,0.0,0.0,0.0,0.0,0.0,0.0003131409582568,0.0010177315643708,0.0290333092429309,0.0003031440275058,0.000539801791276,0.0289930834118684,0.0008942003821814,0.00173629478427,0.085494682569038,0.0007617401478055,0.0013918498317414,0.0724090213010206,0.0007962838547493,0.0013512632308936,0.0759416790388155,0.000781748440099,0.0013923909864194,0.0746771809412898,0.0005153884999038,0.0007045833907182,0.0497418556897408,0.0010356221380245,0.0015797206974437,0.1006087719549835,0.002259811427437,0.0036878789379262,0.2171669957338071,0.0013717260931166,0.0034092744712174,0.1292683237003291,0.0004011723935713,0.0005619891330729,0.0379601968107409,0.0002779226118145,0.0005352921689596,0.0264875372528625,0.0001062286632857,0.0001370023259729,0.0101284313377984,9.649148678008728e-05,0.0001272615417695,0.009239314201892,6.873385949802673e-05,9.930188340768348e-05,0.0066392463591338,5.445098369744475e-05,8.108300924932557e-05,0.0052257503402735,5.300790455618868e-05,7.828704341314193e-05,0.00502931119217,5.3711405637551016e-05,8.649455602903585e-05,0.0051155351708601,8.890089049708034e-05,0.0001258184626282,0.0086137393941574,7.844217442082696e-05,9.849015139072694e-05,0.0074933688258648,0.0001192632756291,0.0001750635383236,0.0115191988601839,0.0003232461199435,0.0005983366889432,0.0309163471373774,0.0025941079259047,0.0100133457762832,0.238187427660021,0.0148620916909036,0.0196157747670937,1.426678186045912,0.0098846844477466,0.0272522790052819,0.9459172720609146,0.0008717496784413,0.0015750306902346,0.083040726489332,0.0002045059605031,0.0004920899871683,0.0192797177120737,8.017747708818738e-05,0.0001459313781595,0.0075507312217297,0.0001210021859943,0.0001665854483687,0.0114650833923868,0.0001345887761092,0.0001817377793519,0.0128257266376986,0.0001372404340313,0.0002124934035499,0.0130118838469206,0.0002339050903083,0.0002879844811269,0.0226083601362735,0.0002337857587639,0.0002963723786354,0.0113851728849397
CC/C=C(/C)CC,FHHSSXNRVNXTBG-SREVYHEPSA-N,IR,IR_NIST_gas_FHHSSXNRVNXTBG-SREVYHEPSA-N_001,NIST Chemistry WebBook,NIST Chemistry WebBook,gas,,,True,False,,E:\QSPR Forge\spectra_bank\IR\processed\IR_NIST_gas_FHHSSXNRVNXTBG-SREVYHEPSA-N_001_processed.csv,0.000552223406221,0.0005615831249705,0.0003213503437331,0.0001734064022086,0.0001633421884995,0.0001532779747903,0.0001432137610812,0.000133149547372,0.0001230853336629,0.0001130211199537,0.0001029569062446,0.0001403957812426,3.119906249836456e-05,8.393554233430981e-05,8.353297378594382e-05,8.313040523757783e-05,8.272783668921183e-05,8.232526814084584e-05,8.192269959247985e-05,8.152013104411385e-05,8.111756249574786e-05,1.8719437499018738e-05,9.671709374493014e-05,0.0001718967701522,0.0001598197137012,0.0001477426572503,0.0001356656007993,0.0001235885443483,0.0001115114878973,9.94344314464006e-05,8.735737499542077e-05,0.0001091967187442,9.047728124525722e-05,0.0001270103770094,0.0001382822963637,0.0001495542157179,0.0001608261350722,0.0001720980544264,0.0001833699737807,0.0001946418931349,0.0002059138124892,0.000361909124981,0.0003931081874793,0.0003798234253833,0.0003745900342545,0.0003693566431257,0.000364123251997,0.0003588898608682,0.0003536564697395,0.0003484230786107,0.000343189687482,0.0004898252812243,0.0007487774999607,0.00081177947778,0.0008125846148767,0.0008133897519734,0.0008141948890702,0.0008150000261669,0.0008158051632636,0.0008166103003604,0.0008174154374571,0.0009484514999502,0.0012822814686827,0.0014223753235141,0.0014469320049644,0.0014714886864148,0.0014960453678651,0.0015206020493154,0.0015451587307657,0.0015697154122161,0.0015942720936664,0.0018906631874008,0.0008829334687037,0.0007252272398813,0.0007063065181081,0.0006873857963349,0.0006684650745617,0.0006495443527885,0.0006306236310153,0.0006117029092421,0.0005927821874689,0.0004991849999738,0.0006021419062184,0.0005891590705336,0.0005843282479532,0.0005794974253728,0.0005746666027924,0.000569835780212,0.0005650049576316,0.0005601741350512,0.0005553433124708,0.0002527124062367,0.0002995109999842,0.000370765633045,0.000378414435464,0.0003860632378829,0.0003937120403019,0.0004013608427208,0.0004090096451398,0.0004166584475588,0.0004243072499777,0.0005366238749718,0.0005179044374728,0.0005570542288014,0.0005634953255753,0.0005699364223491,0.000576377519123,0.0005828186158968,0.0005892597126707,0.0005957008094445,0.0006021419062184,0.0008798135624538,0.0009890102811981,0.0009319461894672,0.0009307384838221,0.000929530778177,0.0009283230725319,0.0009271153668868,0.0009259076612417,0.0009246999555966,0.0009234922499515,0.0009297320624512,0.001257322218684,0.0012565170815873,0.0012512836904586,0.0012460502993298,0.001240816908201,0.0012355835170723,0.0012303501259435,0.0012251167348148,0.001219883343686,0.0008423746874558,0.0006021419062184,0.0006621246199249,0.0006713836965373,0.0006806427731498,0.0006899018497622,0.0006991609263746,0.000708420002987,0.0007176790795994,0.0007269381562118,0.0007394177812112,0.0003494294999816,0.0003006180634923,0.00029377439817,0.0002869307328478,0.0002800870675256,0.0002732434022034,0.0002663997368811,0.0002595560715589,0.0002527124062367,0.0002371128749875,0.0002932711874846,0.0003205452066364,0.000327791440507,0.0003350376743775,0.0003422839082481,0.0003495301421187,0.0003567763759893,0.0003640226098599,0.0003712688437305,0.0004055878124787,0.0002776716562354,0.0002674061582521,0.000266198452607,0.0002649907469619,0.0002637830413168,0.0002625753356717,0.0002613676300266,0.0002601599243815,0.0002589522187364,0.0003338299687325,0.0005491034999712,0.000628107577588,0.0006377692227488,0.0006474308679096,0.0006570925130703,0.0006667541582311,0.0006764158033919,0.0006860774485527,0.0006957390937135,0.0011200463436912,0.0014413966874244,0.0013537373860177,0.00134085519247,0.0013279729989223,0.0013150908053746,0.0013022086118269,0.0012893264182791,0.0012764442247314,0.0012635620311837,0.0005959020937187,0.0005366238749718,0.000560979272148,0.0005726537600506,0.0005843282479532,0.0005960027358558,0.0006076772237584,0.000619351711661,0.0006310261995636,0.0006427006874663,0.0015131545311706,0.0024304069686225,0.0024526488809198,0.0024240665139858,0.0023954841470518,0.0023669017801178,0.0023383194131838,0.0023097370462498,0.0022811546793159,0.0022525723123819,0.0011762046561883,0.0014133175311759,0.001645599583583,0.0016765973618072,0.0017075951400314,0.0017385929182556,0.0017695906964798,0.001800588474704,0.0018315862529281,0.0018625840311523,0.0031885441873328,0.0039965999060405,0.0037872642608901,0.0037494228173437,0.0037115813737973,0.0036737399302509,0.0036358984867045,0.0035980570431581,0.0035602155996117,0.0035223741560653,0.0017939460936559,0.0008454945937056,0.0007378075070177,0.0007273407247602,0.0007168739425027,0.0007064071602452,0.0006959403779877,0.0006854735957301,0.0006750068134726,0.0006645400312151,0.0004804655624748,0.0003556693124813,0.0003354402429259,0.0003334274001841,0.0003314145574423,0.0003294017147004,0.0003273888719586,0.0003253760292168,0.0003233631864749,0.0003213503437331,0.0003026309062341,0.0003057508124839,0.0003287978618779,0.0003304081360713,0.0003320184102648,0.0003336286844583,0.0003352389586517,0.0003368492328452,0.0003384595070387,0.0003400697812321,0.0003400697812321,0.000361909124981,0.0003609027036101,0.0003637206834486,0.0003665386632872,0.0003693566431257,0.0003721746229643,0.0003749926028029,0.0003778105826414,0.00038062856248,0.0005241442499725,0.0006364608749666,0.0006010348427104,0.0005953988830333,0.0005897629233561,0.000584126963679,0.0005784910040019,0.0005728550443248,0.0005672190846476,0.0005615831249705,0.0002870313749849,0.0001466355937423,0.0001148326784213,0.0001140275413246,0.0001132224042279,0.0001124172671312,0.0001116121300344,0.0001108069929377,0.000110001855841,0.0001091967187442,8.423746874558431e-05,7.487774999607495e-05,8.926957560015924e-05,8.765930140669527e-05,8.604902721323129e-05,8.44387530197673e-05,8.282847882630333e-05,8.121820463283935e-05,7.960793043937538e-05,7.79976562459114e-05,6.239812499672912e-05,3.4318968748201015e-05,6.139170362581413e-05,6.42096834643761e-05,6.702766330293805e-05,6.984564314150001e-05,7.266362298006198e-05,7.548160281862395e-05,7.82995826571859e-05,8.111756249574786e-05,8.111756249574786e-05,4.679859374754685e-05,5.0522352819932295e-05,5.132748991666428e-05,5.213262701339627e-05,5.293776411012826e-05,5.374290120686025e-05,5.454803830359223e-05,5.535317540032422e-05,5.6158312497056206e-05,7.79976562459114e-05,3.743887499803748e-05,4.8006299392644825e-05,4.96165735861088e-05,5.122684777957277e-05,5.283712197303676e-05,5.444739616650074e-05,5.605767035996471e-05,5.766794455342869e-05,5.927821874689267e-05,6.551803124656558e-05,7.487774999607495e-05,8.735737499542077e-05,8.735737499542077e-05,8.735737499542077e-05,8.735737499542077e-05,8.735737499542077e-05,8.735737499542077e-05,8.735737499542077e-05,8.735737499542077e-05,4.3678687497710383e-05,4.99184999973833e-05,3.623116935293949e-05,3.462089515947551e-05,3.301062096601153e-05,3.140034677254756e-05,2.9790072579083583e-05,2.81797983856196e-05,2.6569524192155624e-05,2.495924999869165e-05,2.495924999869165e-05,3.119906249836456e-06,9.96357157205836e-06,1.0768708668790348e-05,1.1573845765522336e-05,1.2378982862254326e-05,1.3184119958986312e-05,1.3989257055718304e-05,1.4794394152450291e-05,1.559953124918228e-05,2.495924999869165e-05,4.3678687497710383e-05,4.528896169117436e-05,4.327611894934439e-05,4.126327620751442e-05,3.925043346568445e-05,3.723759072385448e-05,3.5224747982024504e-05,3.321190524019453e-05,3.119906249836456e-05,4.679859374754685e-05,5.303840624721975e-05,6.179427217418012e-05,6.098913507744814e-05,6.018399798071615e-05,5.937886088398416e-05,5.8573723787252175e-05,5.776858669052019e-05,5.69634495937882e-05,5.6158312497056206e-05,2.495924999869165e-05,2.495924999869165e-05,3.623116935293949e-05,3.462089515947551e-05,3.301062096601153e-05,3.140034677254756e-05,2.9790072579083583e-05,2.81797983856196e-05,2.6569524192155624e-05,2.495924999869165e-05,6.239812499672912e-06,0.0,1.5196962700816288e-05,1.882007963611024e-05,2.2443196571404186e-05,2.606631350669813e-05,2.968943044199208e-05,3.331254737728603e-05,3.693566431257999e-05,4.055878124787393e-05,3.119906249836456e-05,2.8079156248528103e-05,2.2141270160129687e-05,2.254383870849568e-05,2.294640725686168e-05,2.334897580522767e-05,2.3751544353593668e-05,2.4154112901959665e-05,2.455668145032565e-05,2.495924999869165e-05,1.8719437499018738e-05,3.743887499803748e-05,3.180291532091355e-05,3.260805241764554e-05,3.3413189514377526e-05,3.421832661110952e-05,3.502346370784151e-05,3.5828600804573494e-05,3.663373790130549e-05,3.743887499803748e-05,4.3678687497710383e-05,5.303840624721975e-05,4.99184999973833e-05,4.99184999973833e-05,4.99184999973833e-05,4.99184999973833e-05,4.99184999973833e-05,4.99184999973833e-05,4.99184999973833e-05,4.99184999973833e-05,2.8079156248528103e-05,3.119906249836456e-05,2.5261176409966148e-05,2.566374495833214e-05,2.606631350669813e-05,2.646888205506413e-05,2.687145060343012e-05,2.727401915179612e-05,2.767658770016211e-05,2.8079156248528103e-05,5.303840624721975e-05,8.735737499542077e-05,7.427389717352595e-05,7.346876007679397e-05,7.266362298006198e-05,7.185848588332999e-05,7.1053348786598e-05,7.0248211689866e-05,6.944307459313402e-05,6.863793749640203e-05,8.423746874558431e-05,9.047728124525722e-05,7.79976562459114e-05,7.79976562459114e-05,7.79976562459114e-05,7.79976562459114e-05,7.79976562459114e-05,7.79976562459114e-05,7.79976562459114e-05,7.79976562459114e-05,0.0001060768124944,5.927821874689267e-05,6.270005140800362e-05,6.310261995636961e-05,6.350518850473561e-05,6.39077570531016e-05,6.43103256014676e-05,6.471289414983359e-05,6.511546269819958e-05,6.551803124656558e-05,0.0001029569062446,6.863793749640203e-05,6.893986390767653e-05,6.934243245604252e-05,6.974500100440852e-05,7.014756955277451e-05,7.05501381011405e-05,7.09527066495065e-05,7.135527519787249e-05,7.17578437462385e-05,6.239812499672912e-05,7.17578437462385e-05,9.420104031764269e-05,9.500617741437469e-05,9.581131451110666e-05,9.661645160783863e-05,9.742158870457063e-05,9.822672580130262e-05,9.90318628980346e-05,9.98369999947666e-05,8.111756249574786e-05,0.0001091967187442,0.0001179525846712,0.0001171474475745,0.0001163423104777,0.000115537173381,0.0001147320362843,0.0001139268991875,0.0001131217620908,0.0001123166249941,0.0001029569062446,0.0001341559687429,0.0001426099082586,0.0001414022026135,0.0001401944969684,0.0001389867913233,0.0001377790856782,0.0001365713800331,0.000135363674388,0.0001341559687429,0.0001279161562432,0.0001372758749928,0.0001244943235821,0.0001240917550338,0.0001236891864854,0.000123286617937,0.0001228840493887,0.0001224814808403,0.0001220789122919,0.0001216763437436,0.0001466355937423,0.0001372758749928,0.000151868984871,0.0001546869647096,0.0001575049445481,0.0001603229243867,0.0001631409042253,0.0001659588840638,0.0001687768639024,0.000171594843741,0.0001591152187416,0.0002558323124865,0.0002872326592591,0.0002916609132911,0.0002960891673231,0.0003005174213552,0.0003049456753872,0.0003093739294192,0.0003138021834512,0.0003182304374833,0.0006177414374676,0.0007768566562092,0.0007626661148793,0.0007562250181055,0.0007497839213316,0.0007433428245578,0.0007369017277839,0.00073046063101,0.0007240195342362,0.0007175784374623,0.0006614201249653,0.0007955760937082,0.0008571690816082,0.0008644153154788,0.0008716615493494,0.00087890778322,0.0008861540170906,0.0008934002509612,0.0009006464848318,0.0009078927187024,0.0012916411874322,0.001868823843652,0.0021011058960592,0.0021321036742833,0.0021631014525075,0.0021940992307317,0.0022250970089559,0.0022560947871801,0.0022870925654043,0.0023180903436284,0.0043054706247743,0.0088262147807873,0.0103143094198222,0.0104930498552967,0.0106717902907712,0.0108505307262457,0.0110292711617202,0.0112080115971947,0.0113867520326692,0.0115654924681437,0.0143578085617473,0.0131348053118114,0.013011116125326,0.0130417113350018,0.0130723065446776,0.0131029017543534,0.0131334969640292,0.0131640921737051,0.0131946873833809,0.0132252825930567,0.0165823017178807,0.0200204384052005,0.0203273969233296,0.0204038849475191,0.0204803729717086,0.0205568609958982,0.0206333490200877,0.0207098370442773,0.0207863250684668,0.0208628130926563,0.0297451861859407,0.0261354546548799,0.0211871827005022,0.0205797067610179,0.0199722308215337,0.0193647548820494,0.0187572789425651,0.0181498030030808,0.0175423270635965,0.0169348511241122,0.0062304527809234,0.0037345277810542,0.0034526291550609,0.0034220339453851,0.0033914387357093,0.0033608435260335,0.0033302483163576,0.0032996531066818,0.003269057897006,0.0032384626873302,0.0023680088436258,0.0015661929374179,0.0014754137297613,0.0014625315362136,0.0014496493426659,0.0014367671491182,0.0014238849555705,0.0014110027620228,0.001398120568475,0.0013852383749273,0.0011543653124394,0.0009796505624486,0.0009576099344256,0.0009531816803935,0.0009487534263615,0.0009443251723295,0.0009398969182975,0.0009354686642654,0.0009310404102334,0.0009266121562014,0.0007862163749587,0.000686379374964,0.0006580989344413,0.0006536706804092,0.0006492424263772,0.0006448141723452,0.0006403859183132,0.0006359576642811,0.0006315294102491,0.0006271011562171,0.0005272641562223,0.0003681489374807,0.0003242689657088,0.0003198407116767,0.0003154124576447,0.0003109842036127,0.0003065559495807,0.0003021276955486,0.0002976994415166,0.0002932711874846,0.0002215133437383,0.0001528754062419,0.0001173487318486,0.0001157384576552,0.0001141281834617,0.0001125179092682,0.0001109076350748,0.0001092973608813,0.0001076870866879,0.0001060768124944,0.0001154365312439,9.359718749509367e-05,7.0248211689866e-05,6.823536894803604e-05,6.622252620620607e-05,6.42096834643761e-05,6.219684072254613e-05,6.018399798071615e-05,5.817115523888618e-05,5.6158312497056206e-05,9.047728124525722e-05,7.79976562459114e-05,7.668930846372193e-05,7.910471975391789e-05,8.152013104411385e-05,8.393554233430981e-05,8.635095362450578e-05,8.876636491470175e-05,9.118177620489773e-05,9.359718749509367e-05,0.0001060768124944,1.8719437499018738e-05,3.0192641127449576e-05,3.301062096601153e-05,3.5828600804573494e-05,3.8646580643135456e-05,4.146456048169741e-05,4.4282540320259374e-05,4.710052015882134e-05,4.99184999973833e-05,3.743887499803748e-05,8.423746874558431e-05,8.866572277761024e-05,8.625031148741428e-05,8.383490019721832e-05,8.141948890702236e-05,7.90040776168264e-05,7.658866632663042e-05,7.417325503643446e-05,7.17578437462385e-05,7.79976562459114e-05,6.863793749640203e-05,4.116263407042292e-05,4.196777116715491e-05,4.2772908263886894e-05,4.357804536061889e-05,4.438318245735088e-05,4.518831955408286e-05,4.599345665081485e-05,4.679859374754685e-05,5.927821874689267e-05,4.055878124787393e-05,2.0933564515031703e-05,1.972585886993372e-05,1.851815322483574e-05,1.7310447579737757e-05,1.6102741934639772e-05,1.4895036289541791e-05,1.3687330644443804e-05,1.2479624999345825e-05,4.679859374754685e-05,4.679859374754685e-05,5.02204264086578e-05,5.062299495702379e-05,5.102556350538978e-05,5.142813205375578e-05,5.183070060212177e-05,5.2233269150487765e-05,5.263583769885376e-05,5.303840624721975e-05,8.111756249574786e-05,2.8079156248528103e-05,4.609409878790635e-05,4.931464717483431e-05,5.253519556176226e-05,5.575574394869021e-05,5.897629233561817e-05,6.219684072254613e-05,6.541738910947408e-05,6.863793749640203e-05,2.8079156248528103e-05,0.0,2.425475503905116e-05,2.747530342597912e-05,3.069585181290707e-05,3.391640019983502e-05,3.713694858676298e-05,4.035749697369093e-05,4.357804536061889e-05,4.679859374754685e-05,1.8719437499018738e-05,4.3678687497710383e-05,9.108113406780622e-05,9.18862711645382e-05,9.26914082612702e-05,9.34965453580022e-05,9.430168245473418e-05,9.510681955146615e-05,9.591195664819816e-05,9.671709374493014e-05,4.99184999973833e-05,2.1839343748855192e-05,4.8610152215193816e-05,5.102556350538978e-05,5.344097479558575e-05,5.5856386085781714e-05,5.827179737597768e-05,6.068720866617365e-05,6.310261995636961e-05,6.551803124656558e-05,6.551803124656558e-05,7.487774999607495e-05,8.695480644705477e-05,9.057792338234872e-05,9.420104031764269e-05,9.782415725293664e-05,0.0001014472741882,0.0001050703911235,0.0001086935080588,0.0001123166249941,6.239812499672912e-05,9.359718749509367e-05,0.0001116121300344,0.0001148326784213,0.0001180532268083,0.0001212737751952,0.0001244943235821,0.0001277148719691,0.000130935420356,0.0001341559687429,0.0001091967187442,9.359718749509367e-05,8.614966935032279e-05,8.453939515685881e-05,8.292912096339484e-05,8.131884676993085e-05,7.970857257646687e-05,7.80982983830029e-05,7.648802418953893e-05,7.487774999607495e-05,8.735737499542077e-05,0.0001154365312439,IR,550.0,3798.0,4.0,sum,False,True,True,True,20.0,0.1,100.0,2026-06-25 21:43:18,0.0,0.0,0.0,0.0,0.0,0.0,0.0,0.0,0.0,0.0,0.0,0.0,0.0,0.0,0.0,0.0,0.0,0.0,0.0,0.0,0.0,0.0,0.0,0.0,0.0,0.0,0.0,0.0,0.0,0.0,0.0,0.0,0.0,0.0,0.0,0.0,0.0,0.0,0.0,0.0,0.0,0.0,0.0,0.0,1.0,1.0,1.0,0.0,0.0,0.0,0.0,0.0,0.0,0.0,0.0,0.0,0.0,0.0,0.0,0.0,0.0,0.0,0.0,0.0,0.0,0.0,0.0,0.0,0.0,0.0,0.0,0.0,0.0,0.0,0.0,0.0,0.0,0.0,0.0,0.0,0.0,0.0,0.0,0.0,0.0,0.0,0.0,0.0,0.0,0.0,0.0,0.0,0.0,0.0,0.0,0.0,0.0,0.0,0.0,0.0,0.0,0.0,0.0,0.0,0.0,0.0,0.0,0.0,0.0,0.0,0.0,0.0,0.0,0.0,1.0,1.0,1.0,1.0,1.0,1.0,1.0,1.0,1.0,1.0,1.0,0.0,0.0,0.0,0.0,0.0,0.0,0.0,0.0,0.0,0.0,0.0,0.0,0.0,0.0,0.0,0.0,0.0,0.0,0.0,0.0,0.0,0.0,0.0,0.0,0.0,0.0,0.0,0.0,0.0,0.0,0.0,0.0,0.0,0.0,0.0,0.0,0.0,0.0,0.0001527828154758,0.0005615831249705,0.0138541953077415,0.0002216220372464,0.0003931081874793,0.0211698722529225,0.0010640410072426,0.0018906631874008,0.1043051083130807,0.0005131219231182,0.0006873857963349,0.0491041038240388,0.0008040421102804,0.001257322218684,0.0770530291471706,0.0006979210152456,0.0012460502993298,0.0667808887827897,0.0003395142366354,0.0006377692227488,0.0321704604055717,0.0008945878281789,0.0014413966874244,0.0869018686829446,0.0021900493911351,0.0039965999060405,0.2102206921038997,0.0013237057723096,0.0037115813737973,0.1243006881104197,0.0003852138182459,0.0006364608749666,0.0366878833710607,0.00022136036769,0.0005897629233561,0.0207972950614098,6.049800144844164e-05,8.111756249574786e-05,0.0057945716851801,5.936678382753319e-05,8.735737499542077e-05,0.0057810856388098,3.01000503613254e-05,6.179427217418012e-05,0.0028381082659802,3.329644463535139e-05,6.018399798071615e-05,0.0031354051389485,3.271674592570436e-05,5.303840624721975e-05,0.0030907200300799,4.86222292716448e-05,8.735737499542077e-05,0.0046234997779834,7.421753757675472e-05,0.0001060768124944,0.0071457930177705,9.335564636607408e-05,0.0001179525846712,0.0089698311104169,0.0001318734050737,0.0001546869647096,0.0126533333279657,0.0004168838859458,0.0007768566562092,0.03992533963702,0.0025604446611157,0.0104930498552967,0.23362320952606,0.0151860329647281,0.0207863250684668,1.4556870657543388,0.0109133233684198,0.0297451861859407,1.0466816475842464,0.0009664744938606,0.0014496493426659,0.0924850918802326,0.0002243313235769,0.0006271011562171,0.0210424593073647,6.448343007726498e-05,0.0001060768124944,0.0062216969149964,5.809064152921298e-05,8.866572277761024e-05,0.0056697754351866,4.396451116705025e-05,8.111756249574786e-05,0.0042285800320364,5.463660338423275e-05,9.671709374493014e-05,0.0052243333364196,9.197081055969506e-05,0.000130935420356,0.0088283282656662,9.106565066209982e-05,0.0001341559687429,0.0042362288344553
CCC(C)c1cccc(C(C)CC)c1O,FHTGJZOULSYEOB-UHFFFAOYSA-N,IR,IR_NIST_gas_FHTGJZOULSYEOB-UHFFFAOYSA-N_001,NIST Chemistry WebBook,NIST Chemistry WebBook,gas,,,True,False,,E:\QSPR Forge\spectra_bank\IR\processed\IR_NIST_gas_FHTGJZOULSYEOB-UHFFFAOYSA-N_001_processed.csv,0.0001944362870264,0.0001891859822462,0.000183935677466,0.0001786853726858,0.0001734350679056,0.0001681847631254,0.0001546214757766,6.239112180462074e-05,7.009156881556974e-05,6.589132499141573e-05,6.169108116726176e-05,5.749083734310776e-05,5.3290593518953765e-05,4.9090349694799775e-05,4.489010587064578e-05,4.06898620464918e-05,8.137972409298359e-06,8.137972409298359e-05,7.866706662321747e-05,7.866706662321747e-05,7.866706662321747e-05,7.866706662321747e-05,7.866706662321747e-05,7.866706662321747e-05,7.866706662321747e-05,7.866706662321747e-05,8.40923815627497e-05,0.0001898860228836,0.0002347761287542,0.0002403764538531,0.000245976778952,0.0002515771040508,0.0002571774291497,0.0002627777542486,0.0002683780793475,0.0002739784044463,0.0001329202160185,0.0001302075585487,0.0002517521142102,0.00028360396321,0.0003154558122098,0.0003473076612097,0.0003791595102095,0.0004110113592094,0.0004428632082092,0.000474715057209,0.0055500971831414,0.000938579484539,0.0009562555106323,0.0009762066687971,0.0009961578269618,0.0010161089851265,0.0010360601432913,0.001056011301456,0.0010759624596207,0.0010959136177855,0.0014675476911434,0.0010796376729669,0.0010757874494614,0.0010887382012525,0.0011016889530437,0.0011146397048348,0.001127590456626,0.0011405412084171,0.0011534919602082,0.0011664427119994,0.0015977552496922,0.0005832213559997,0.0004794403315112,0.0004748900673684,0.0004703398032255,0.0004657895390827,0.0004612392749399,0.000456689010797,0.0004521387466542,0.0004475884825114,0.0001980239952929,0.0002088746251719,0.000263740310125,0.0002717907774546,0.0002798412447842,0.0002878917121138,0.0002959421794435,0.0003039926467731,0.0003120431141027,0.0003200935814324,0.0002848290343254,0.000138345530958,0.0001351078430102,0.0001344078023729,0.0001337077617355,0.0001330077210982,0.0001323076804608,0.0001316076398234,0.0001309075991861,0.0001302075585487,0.0001654721056557,0.0005126922617857,0.000501229096349,0.0004931786290194,0.0004851281616897,0.0004770776943601,0.0004690272270305,0.0004609767597009,0.0004529262923712,0.0004448758250416,0.0003417948411905,0.0009358668270693,0.0011074642883019,0.0011228651823238,0.0011382660763457,0.0011536669703676,0.0011690678643895,0.0011844687584114,0.0011998696524333,0.0012152705464552,0.000683589682381,0.0004096112779346,0.0005224928307088,0.0005427940091922,0.0005630951876756,0.000583396366159,0.0006036975446424,0.0006239987231258,0.0006442999016092,0.0006646010800926,0.0010850629879064,0.0012857996406691,0.0013886181092812,0.0013991187188416,0.001409619328402,0.0014201199379623,0.0014306205475227,0.0014411211570831,0.0014516217666435,0.0014621223762039,0.0017822159576363,0.0012261211763342,0.001247909941172,0.0012661109977434,0.0012843120543147,0.001302513110886,0.0013207141674574,0.0013389152240287,0.0013571162806,0.0013753173371714,0.0029405206972264,0.0029757852443334,0.0039951319174078,0.004128139638506,0.0042611473596042,0.0043941550807024,0.0045271628018006,0.0046601705228988,0.004793178243997,0.0049261859650952,0.0063123539321457,0.0062798020425085,0.0047145986824535,0.0045518392342675,0.0043890797860815,0.0042263203378956,0.0040635608897096,0.0039008014415236,0.0037380419933377,0.0035752825451517,0.0016954109186038,0.0025119208170034,0.0030823664313713,0.0031485202716017,0.0032146741118321,0.0032808279520626,0.003346981792293,0.0034131356325234,0.0034792894727538,0.0035454433129843,0.0027180827847056,0.0020073665276269,0.0019990535450582,0.0020060539514318,0.0020130543578054,0.002020054764179,0.0020270551705526,0.0020340555769262,0.0020410559832998,0.0020480563896734,0.0029432333546962,0.0023247474515895,0.0018871345481605,0.001846182170875,0.0018052297935895,0.001764277416304,0.0017233250390185,0.001682372661733,0.0016414202844475,0.001600467907162,0.0013590413923528,0.0013264895027156,0.0013453905999243,0.0013705920628692,0.0013957935258141,0.001420994988759,0.001446196451704,0.0014713979146489,0.0014965993775938,0.0015218008405387,0.0027669106191614,0.0006917276547903,0.0006488501657521,0.0006495502063894,0.0006502502470268,0.0006509502876641,0.0006516503283015,0.0006523503689389,0.0006530504095762,0.0006537504502136,0.0013264895027156,0.0041937684482584,0.0060267373521032,0.0062535505186076,0.0064803636851119,0.0067071768516162,0.0069339900181205,0.0071608031846248,0.0073876163511291,0.0076144295176334,0.0067545170997176,0.0020941715666594,0.0017326880825431,0.0017172871885212,0.0017018862944993,0.0016864854004774,0.0016710845064555,0.0016556836124337,0.0016402827184118,0.0016248818243899,0.0019259868035339,0.0011420287947715,0.0006868273703288,0.000654975521329,0.0006231236723291,0.0005912718233293,0.0005594199743295,0.0005275681253296,0.0004957162763298,0.00046386442733,0.000219725255051,0.000254989802158,0.0002979547962759,0.0003046051823308,0.0003112555683857,0.0003179059544406,0.0003245563404955,0.0003312067265504,0.0003378571126053,0.0003445074986602,0.0008789010202042,0.0009629934017669,0.0008974520970942,0.00089325185327,0.0008890516094459,0.0008848513656217,0.0008806511217976,0.0008764508779734,0.0008722506341493,0.0008680503903251,0.0004584391123904,0.0003634961009486,0.0002956796642045,0.0002848290343254,0.0002739784044463,0.0002631277745673,0.0002522771446882,0.0002414265148091,0.0002305758849301,0.000219725255051,0.0001627594481859,0.0001247822436092,0.0001421082493838,0.0001435083306585,0.0001449084119333,0.000146308493208,0.0001477085744827,0.0001491086557574,0.0001505087370321,0.0001519088183069,0.0001112189562604,7.866706662321747e-05,7.166666024962747e-05,6.956653833755049e-05,6.746641642547348e-05,6.53662945133965e-05,6.32661726013195e-05,6.11660506892425e-05,5.906592877716551e-05,5.696580686508851e-05,4.611517698602403e-05,5.154049192555627e-05,6.352868784032912e-05,6.142856592825212e-05,5.932844401617513e-05,5.7228322104098136e-05,5.512820019202114e-05,5.302807827994414e-05,5.0927956367867145e-05,4.882783445579015e-05,8.680503903251582e-05,8.137972409298359e-05,5.460316971400189e-05,5.14529868458864e-05,4.83028039777709e-05,4.515262110965541e-05,4.200243824153992e-05,3.885225537342442e-05,3.5702072505308924e-05,3.255188963719344e-05,1.898860228836284e-05,0.0001220695861394,0.0002216503668037,0.0002314509357268,0.0002412515046498,0.0002510520735728,0.0002608526424958,0.0002706532114189,0.0002804537803419,0.0002902543492649,6.239112180462074e-05,4.611517698602403e-05,4.8565319216780525e-05,4.821529889810103e-05,4.786527857942152e-05,4.751525826074203e-05,4.716523794206253e-05,4.681521762338303e-05,4.646519730470353e-05,4.611517698602403e-05,0.0002007366527626,6.510377927438687e-05,3.666462838167755e-05,3.4914526788280056e-05,3.316442519488256e-05,3.141432360148506e-05,2.9664222008087565e-05,2.791412041469007e-05,2.616401882129257e-05,2.4413917227895075e-05,2.71265746976612e-06,0.0,2.6251523900962445e-07,6.125355576891238e-07,9.625558763686232e-07,1.3125761950481224e-06,1.6625965137276218e-06,2.012616832407121e-06,2.3626371510866204e-06,2.71265746976612e-06,2.71265746976612e-06,1.898860228836284e-05,2.415140198888545e-05,2.380138167020595e-05,2.3451361351526453e-05,2.3101341032846952e-05,2.275132071416745e-05,2.2401300395487955e-05,2.205128007680845e-05,2.1701259758128955e-05,1.3563287348830598e-05,1.3563287348830598e-05,1.898860228836284e-05,1.898860228836284e-05,1.898860228836284e-05,1.898860228836284e-05,1.898860228836284e-05,1.898860228836284e-05,1.898860228836284e-05,1.898860228836284e-05,2.1701259758128955e-05,2.7126574697661195e-05,1.898860228836284e-05,1.898860228836284e-05,1.898860228836284e-05,1.898860228836284e-05,1.898860228836284e-05,1.898860228836284e-05,1.898860228836284e-05,1.898860228836284e-05,1.898860228836284e-05,1.3563287348830598e-05,1.5750914340577467e-05,1.505087370321847e-05,1.435083306585947e-05,1.3650792428500473e-05,1.2950751791141474e-05,1.2250711153782472e-05,1.1550670516423476e-05,1.0850629879064476e-05,1.3563287348830598e-05,1.898860228836284e-05,2.0913714041100083e-05,1.9863653085061585e-05,1.8813592129023088e-05,1.776353117298459e-05,1.671347021694609e-05,1.5663409260907592e-05,1.4613348304869097e-05,1.3563287348830598e-05,1.6275944818596718e-05,1.3563287348830598e-05,1.1113145118074104e-05,1.14631654367536e-05,1.18131857554331e-05,1.2163206074112602e-05,1.25132263927921e-05,1.28632467114716e-05,1.32132670301511e-05,1.3563287348830598e-05,1.6275944818596718e-05,2.4413917227895075e-05,3.010174740643694e-05,3.045176772511644e-05,3.080178804379594e-05,3.115180836247544e-05,3.1501828681154935e-05,3.1851848999834435e-05,3.2201869318513935e-05,3.255188963719344e-05,4.611517698602403e-05,5.967846433485463e-05,5.696580686508851e-05,5.696580686508851e-05,5.696580686508851e-05,5.696580686508851e-05,5.696580686508851e-05,5.696580686508851e-05,5.696580686508851e-05,5.696580686508851e-05,8.40923815627497e-05,0.0001193569286697,0.0001266198502823,0.000129069992513,0.0001315201347438,0.0001339702769745,0.0001364204192053,0.000138870561436,0.0001413207036668,0.0001437708458976,0.0001790353930045,0.0001681847631254,0.0001540964452986,0.0001533964046612,0.0001526963640239,0.0001519963233865,0.0001512962827492,0.0001505962421118,0.0001498962014744,0.0001491961608371,0.0001329202160185,0.0001410581884278,0.0001413207036668,0.0001416707239855,0.0001420207443042,0.0001423707646228,0.0001427207849415,0.0001430708052602,0.0001434208255789,0.0001437708458976,0.0001654721056557,0.0001573341332464,0.0001538339300596,0.0001527838691036,0.0001517338081475,0.0001506837471915,0.0001496336862354,0.0001485836252794,0.0001475335643234,0.0001464835033673,0.000127494901079,0.0001085062987906,0.0001055311260818,0.0001051811057631,0.0001048310854445,0.0001044810651258,0.0001041310448071,0.0001037810244884,0.0001034310041697,0.0001030809838511,0.0001057936413208,0.0001030809838511,9.76556689115803e-05,9.76556689115803e-05,9.76556689115803e-05,9.76556689115803e-05,9.76556689115803e-05,9.76556689115803e-05,9.76556689115803e-05,9.76556689115803e-05,0.0001247822436092,0.0001356328734883,0.0001421082493838,0.0001435083306585,0.0001449084119333,0.000146308493208,0.0001477085744827,0.0001491086557574,0.0001505087370321,0.0001519088183069,0.0001654721056557,0.000173610078065,0.000173347562826,0.0001729975425073,0.0001726475221886,0.0001722975018699,0.0001719474815513,0.0001715974612326,0.0001712474409139,0.0001708974205952,0.0001654721056557,0.0001708974205952,0.0001820105657133,0.000182360586032,0.0001827106063506,0.0001830606266693,0.000183410646988,0.0001837606673067,0.0001841106876254,0.000184460707944,0.0002142999401115,0.0002251505699905,0.0002246255395125,0.0002239254988752,0.0002232254582378,0.0002225254176004,0.0002218253769631,0.0002211253363257,0.0002204252956884,0.000219725255051,0.0002441391722789,0.000301104979144,0.0003362820211713,0.0003397822243581,0.0003432824275449,0.0003467826307317,0.0003502828339185,0.0003537830371053,0.000357283240292,0.0003607834434788,0.0004421631675718,0.0003336568687812,0.0003417948411905,0.0003417948411905,0.0003417948411905,0.0003417948411905,0.0003417948411905,0.0003417948411905,0.0003417948411905,0.0003417948411905,0.0004177492503439,0.0005750833835904,0.0006267113805956,0.0006340618072879,0.0006414122339801,0.0006487626606724,0.0006561130873647,0.0006634635140569,0.0006708139407492,0.0006781643674415,0.000938579484539,0.0013264895027156,0.0014688602673385,0.00149231162869,0.0015157629900415,0.001539214351393,0.0015626657127446,0.0015861170740961,0.0016095684354476,0.0016330197967992,0.0047824151191976,0.0098659352175393,0.0100482958035713,0.0099152880824731,0.0097822803613749,0.0096492726402767,0.0095162649191785,0.0093832571980803,0.0092502494769821,0.0091172417558839,0.0056721667692809,0.0092338860270838,0.0102765090513504,0.0104116168943607,0.010546724737371,0.0106818325803812,0.0108169404233915,0.0109520482664018,0.0110871561094121,0.0112222639524224,0.0116427258602361,0.015947713264755,0.0227775722380684,0.0233988583037245,0.0240201443693806,0.0246414304350367,0.0252627165006928,0.0258840025663489,0.026505288632005,0.0271265746976611,0.0081786622713448,0.0020209298149757,0.0017643649213836,0.0017514141695925,0.0017384634178014,0.0017255126660102,0.0017125619142191,0.0016996111624279,0.0016866604106368,0.0016737096588456,0.0019097108587153,0.0024820815848359,0.0023710376387349,0.0023531866024822,0.0023353355662296,0.0023174845299769,0.0022996334937243,0.0022817824574716,0.002263931421219,0.0022460803849663,0.0023871385733941,0.0021294361137664,0.001701448769101,0.0016552460870353,0.0016090434049696,0.0015628407229039,0.0015166380408382,0.0014704353587725,0.0014242326767068,0.0013780299946411,0.0006700263950322,0.0004204619078137,0.0003983231226572,0.0003941228788331,0.0003899226350089,0.0003857223911848,0.0003815221473606,0.0003773219035365,0.0003731216597123,0.0003689214158881,0.0003336568687812,0.0003255188963719,0.0003255188963719,0.0003255188963719,0.0003255188963719,0.0003255188963719,0.0003255188963719,0.0003255188963719,0.0003255188963719,0.0003255188963719,0.0003038176366138,0.0002414265148091,0.0002260256207872,0.0002235754785565,0.0002211253363257,0.000218675194095,0.0002162250518642,0.0002137749096335,0.0002113247674027,0.0002088746251719,0.0001356328734883,0.0001030809838511,9.713063843356104e-05,9.643059779620204e-05,9.573055715884304e-05,9.503051652148406e-05,9.433047588412506e-05,9.363043524676606e-05,9.293039460940706e-05,9.223035397204806e-05,8.137972409298359e-05,8.137972409298359e-05,8.356735108473046e-05,8.286731044737146e-05,8.216726981001245e-05,8.146722917265345e-05,8.076718853529447e-05,8.006714789793547e-05,7.936710726057647e-05,7.866706662321747e-05,7.866706662321747e-05,6.239112180462074e-05,6.781643674415298e-05,6.781643674415298e-05,6.781643674415298e-05,6.781643674415298e-05,6.781643674415298e-05,6.781643674415298e-05,6.781643674415298e-05,6.781643674415298e-05,8.680503903251582e-05,0.0001057936413208,0.0001136690984911,0.0001133190781724,0.0001129690578538,0.0001126190375351,0.0001122690172164,0.0001119189968977,0.000111568976579,0.0001112189562604,0.000138345530958,0.000138345530958,0.0001323951855405,0.0001316951449031,0.0001309951042658,0.0001302950636284,0.000129595022991,0.0001288949823537,0.0001281949417163,0.000127494901079,0.0001057936413208,9.49430114418142e-05,6.53662945133965e-05,6.5716314832076e-05,6.60663351507555e-05,6.6416355469435e-05,6.67663757881145e-05,6.711639610679398e-05,6.746641642547348e-05,6.781643674415298e-05,5.154049192555627e-05,3.797720457672568e-05,4.471509571130604e-05,4.646519730470353e-05,4.821529889810103e-05,4.996540049149852e-05,5.1715502084896014e-05,5.346560367829352e-05,5.5215705271691016e-05,5.696580686508851e-05,3.255188963719344e-05,4.06898620464918e-05,7.78795209061886e-06,1.0938134958734352e-05,1.4088317826849846e-05,1.7238500694965344e-05,2.038868356308084e-05,2.3538866431196328e-05,2.6689049299311823e-05,2.9839232167427315e-05,2.7126574697661195e-05,5.154049192555627e-05,2.0738703881760333e-05,2.668904929931182e-05,3.2639394716863304e-05,3.85897401344148e-05,4.454008555196628e-05,5.049043096951776e-05,5.644077638706926e-05,6.239112180462074e-05,9.223035397204806e-05,0.0001247822436092,0.0001745726339414,0.0001794729184029,0.0001843732028644,0.0001892734873259,0.0001941737717874,0.0001990740562489,0.0002039743407104,0.0002088746251719,0.0007432681467159,0.0058864667093924,0.0072468206779403,0.0072268695197756,0.0072069183616108,0.0071869672034461,0.0071670160452814,0.0071470648871166,0.0071271137289519,0.0071071625707872,0.0021429994011152,0.0002794037193859,0.0002142999401115,0.0002034493102324,0.0001925986803533,0.0001817480504743,0.0001708974205952,0.0001600467907162,0.0001491961608371,0.000138345530958,0.0001030809838511,8.680503903251582e-05,6.405371831834837e-05,6.265363704363037e-05,6.125355576891238e-05,5.985347449419437e-05,5.845339321947638e-05,5.705331194475839e-05,5.565323067004039e-05,5.425314939532239e-05,3.255188963719344e-05,4.611517698602403e-05,6.002848465353413e-05,5.687830178541864e-05,5.372811891730314e-05,5.057793604918765e-05,4.742775318107216e-05,4.4277570312956654e-05,4.1127387444841165e-05,3.797720457672568e-05,4.06898620464918e-05,2.7126574697661195e-05,5.1803007164565895e-05,5.21530274832454e-05,5.2503047801924896e-05,5.28530681206044e-05,5.3203088439283896e-05,IR,550.0,3798.0,4.0,sum,False,True,True,True,20.0,0.1,100.0,2026-06-25 21:45:18,0.0,0.0,0.0,0.0,0.0,0.0,0.0,0.0,0.0,1.0,0.0,0.0,0.0,0.0,0.0,0.0,0.0,0.0,0.0,0.0,0.0,0.0,0.0,0.0,0.0,0.0,0.0,0.0,0.0,1.0,1.0,1.0,1.0,1.0,1.0,1.0,0.0,1.0,0.0,0.0,0.0,1.0,0.0,1.0,1.0,1.0,0.0,0.0,0.0,0.0,0.0,0.0,0.0,0.0,0.0,0.0,0.0,0.0,0.0,0.0,0.0,0.0,0.0,0.0,0.0,0.0,0.0,0.0,0.0,0.0,0.0,0.0,0.0,0.0,0.0,0.0,0.0,0.0,0.0,0.0,0.0,0.0,0.0,0.0,0.0,0.0,0.0,0.0,0.0,0.0,0.0,0.0,0.0,0.0,0.0,0.0,0.0,0.0,0.0,0.0,0.0,0.0,0.0,0.0,0.0,0.0,0.0,0.0,0.0,0.0,0.0,0.0,0.0,0.0,0.0,1.0,1.0,1.0,1.0,1.0,1.0,1.0,0.0,0.0,0.0,0.0,0.0,0.0,0.0,0.0,0.0,0.0,0.0,0.0,0.0,0.0,0.0,0.0,0.0,0.0,0.0,0.0,0.0,0.0,0.0,0.0,0.0,0.0,0.0,0.0,0.0,0.0,0.0,1.0,1.0,1.0,0.0,0.0,0.0,0.0,0.0,0.0,0.0,9.552754537400894e-05,0.0001944362870264,0.0090065478301015,0.000559111956449,0.0055500971831414,0.0538014481740665,0.0009293529489386,0.0015977552496922,0.0900387017466363,0.0002538732373414,0.0005126922617857,0.0235057895110811,0.0007414235396364,0.0012152705464552,0.0718834978370494,0.001679169975817,0.004128139638506,0.1583315161445121,0.0040194723303687,0.0063123539321457,0.3864663593721615,0.0019631694619872,0.0035454433129843,0.1864848754470196,0.0027956927899664,0.0073876163511291,0.262002459242759,0.0015456582254599,0.0076144295176334,0.1387277531460701,0.0005414009283238,0.0009629934017669,0.0530564299257571,0.0001044145612652,0.000219725255051,0.0098791484845695,0.0001095878615753,0.0002804537803419,0.0102792217088201,5.164899822434692e-05,0.0002902543492649,0.0045831660527893,1.5047373500031676e-05,2.415140198888545e-05,0.0014648350336737,1.728050313320688e-05,2.7126574697661195e-05,0.0016503458025738,1.9377124842097083e-05,3.2201869318513935e-05,0.0018356815613146,0.0001013518834768,0.0001790353930045,0.0097632917590866,0.0001479045858612,0.0001654721056557,0.0141899987294262,0.0001101233926629,0.0001464835033673,0.0104323555982424,0.0001689723088425,0.0001841106876254,0.0162391926851353,0.0002877692050023,0.0004421631675718,0.0277244094019657,0.0008521069648093,0.0016095684354476,0.0813079699276542,0.0107044613939839,0.0233988583037245,1.0203823831973444,0.0079202492704701,0.0271265746976611,0.7394567754658157,0.0009820100056808,0.0023871385733941,0.0930578020054064,0.0002056754394592,0.0003255188963719,0.0197306453639633,8.028416049551676e-05,0.0001136690984911,0.0076173171852626,0.0001061786636714,0.000138345530958,0.010256995418584,3.65561220828869e-05,6.781643674415298e-05,0.0034666012362017,0.0023589759385532,0.0072468206779403,0.2215780876079856,0.0004719533968946,0.0071071625707872,0.0328672579443236,4.657289586429722e-05,5.372811891730314e-05,0.0022079281702302
